Day,Susceptible,Infected,Cumulative Infected,Daily Infected,Incubating,Transmitting,Symptomatic,Asymptomatic,Recovered,Residents Recovered,Staff Recovered,Dead
0,592.33,7.44,7.44,7.44,7.44,0.0,0.0,0.0,0.0,0.0,0.0,0.23
1,590.82,8.86,8.86,1.42,8.86,0.0,0.0,0.0,0.0,0.0,0.0,0.55
2,589.23,10.46,10.46,1.6,8.1,2.36,0.0,0.0,0.0,0.0,0.0,0.86
3,587.25,12.42,12.42,1.96,7.32,5.1,0.0,0.0,0.0,0.0,0.0,1.19
4,584.82,14.9,14.9,2.48,5.92,8.98,1.46,0.9,0.0,0.0,0.0,1.47
5,581.69,18.05,18.05,3.15,7.58,10.47,3.14,1.96,0.0,0.0,0.0,1.73
6,578.1,21.49,21.49,3.44,9.12,12.37,5.49,3.49,0.0,0.0,0.0,2.14
7,574.42,25.24,25.25,3.76,10.17,15.07,6.43,4.04,0.0,0.0,0.0,2.48
8,570.32,29.42,29.44,4.19,11.44,17.98,7.66,4.71,0.0,0.0,0.0,2.74
9,565.53,34.19,34.22,4.78,12.59,21.6,9.39,5.67,0.0,0.0,0.0,3.02
10,560.06,39.67,39.72,5.5,14.21,25.46,11.23,6.74,0.0,0.0,0.0,3.29
11,554.73,44.86,44.96,5.24,15.4,29.46,13.66,7.88,0.0,0.0,0.0,3.7
12,548.67,48.64,51.16,6.2,16.71,31.93,14.82,8.2,2.36,0.0,2.36,4.03
13,542.23,52.31,57.7,6.54,18.21,34.1,15.76,8.44,5.1,0.0,5.1,4.39
14,535.79,54.87,64.25,6.55,19.09,35.78,16.63,8.45,8.98,0.0,8.98,4.75
15,528.73,60.28,71.31,7.06,20.29,39.99,19.03,9.45,10.47,0.07,10.4,5.27
16,521.89,65.39,78.41,7.1,20.84,44.55,21.64,10.52,12.34,0.32,12.02,5.65
17,514.17,70.51,86.31,7.9,22.17,48.34,23.85,11.4,14.96,0.9,14.06,6.01
18,506.56,75.2,94.02,7.71,22.63,52.57,26.33,12.45,17.72,1.75,15.97,6.53
19,498.62,79.74,102.24,8.22,23.74,56.0,28.14,13.52,21.23,3.05,18.18,6.94
20,490.24,84.23,110.78,8.54,25.0,59.23,30.26,14.61,24.93,4.3,20.63,7.54
21,482.06,88.59,119.35,8.57,25.37,63.22,32.41,15.37,28.8,5.91,22.89,8.09
22,472.79,93.08,128.89,9.54,26.7,66.38,33.85,16.16,33.52,7.63,25.89,8.71
23,464.48,96.69,137.58,8.69,27.13,69.56,35.75,17.37,38.32,9.36,28.96,9.24
24,455.32,100.33,147.01,9.43,27.34,72.99,37.36,18.19,43.72,11.57,32.15,9.91
25,446.32,103.82,156.43,9.42,27.96,75.86,38.88,19.02,49.3,13.84,35.46,10.53
26,436.24,107.75,166.88,10.45,29.14,78.61,40.61,19.96,55.54,16.3,39.24,11.08
27,427.19,110.51,176.28,9.4,29.56,80.95,42.29,20.44,61.79,18.47,43.32,11.68
28,417.46,113.56,186.43,10.15,29.92,83.64,43.8,21.09,68.68,21.0,47.68,12.07
29,407.64,116.37,196.39,9.96,30.07,86.3,44.99,21.75,75.45,23.52,51.93,12.71
30,398.47,118.65,206.07,9.68,29.46,89.19,46.49,22.66,82.36,26.06,56.3,13.34
31,388.23,120.94,216.68,10.61,30.59,90.35,47.7,22.89,90.27,28.84,61.43,14.05
32,378.27,123.07,227.07,10.39,30.87,92.2,49.04,23.58,98.07,31.67,66.4,14.81
33,368.97,124.54,236.87,9.8,30.86,93.68,49.96,23.85,105.93,34.63,71.3,15.59
34,360.02,124.85,246.47,9.6,30.23,94.62,50.75,23.89,114.74,37.92,76.82,16.25
35,350.54,125.85,256.32,9.85,29.77,96.08,51.46,24.1,123.11,41.13,81.98,17.07
36,341.88,125.69,265.59,9.27,28.89,96.8,52.0,24.36,132.01,44.67,87.34,17.85
37,333.12,126.07,274.97,9.38,28.52,97.55,52.98,24.7,140.55,48.01,92.54,18.5
38,324.41,125.32,284.1,9.13,28.05,97.27,53.08,24.88,149.85,51.66,98.19,19.34
39,315.66,125.05,293.52,9.42,28.14,96.91,53.33,24.67,159.07,55.43,103.64,20.04
40,307.99,123.14,301.75,8.23,27.38,95.76,53.12,24.33,168.78,59.57,109.21,20.64
41,300.1,121.76,310.04,8.29,26.3,95.46,53.08,24.05,177.89,63.35,114.54,21.44
42,292.84,119.66,317.95,7.91,25.14,94.52,52.19,23.9,187.46,67.61,119.85,22.1
43,285.88,117.43,325.41,7.46,24.4,93.03,51.96,23.81,196.73,71.52,125.21,22.76
44,279.52,113.92,332.28,6.87,22.74,91.18,51.05,23.41,206.54,75.98,130.56,23.53
45,272.92,110.87,339.45,7.17,21.89,88.98,49.45,22.98,216.32,79.87,136.45,24.22
46,266.77,107.46,346.16,6.71,21.03,86.43,48.79,22.07,226.03,84.1,141.93,24.79
47,260.81,104.14,352.52,6.36,20.17,83.97,47.54,21.67,235.26,88.2,147.06,25.45
48,255.49,100.34,358.4,5.88,19.06,81.28,46.04,21.06,244.39,92.17,152.22,26.16
49,250.5,96.6,363.99,5.59,18.0,78.6,44.43,20.55,253.27,96.02,157.25,26.87
50,245.79,92.86,369.3,5.31,17.31,75.55,43.3,19.63,261.92,99.65,162.27,27.47
51,241.34,88.53,374.18,4.88,16.08,72.45,41.74,18.62,270.73,103.64,167.09,28.14
52,236.99,84.52,379.06,4.88,15.29,69.23,39.99,17.47,279.3,107.58,171.72,28.67
53,232.93,80.88,383.53,4.47,14.53,66.35,38.9,16.57,286.98,110.9,176.08,29.39
54,229.34,76.63,387.71,4.18,13.75,62.88,37.02,15.68,295.12,114.74,180.38,29.91
55,225.64,72.55,391.81,4.1,12.87,59.68,34.78,14.98,302.78,118.04,184.74,30.72
56,222.59,68.95,395.55,3.74,12.18,56.77,32.99,14.4,309.86,121.32,188.54,31.18
57,219.53,65.14,398.93,3.38,11.35,53.79,31.53,13.63,316.69,124.41,192.28,31.79
58,216.72,61.48,402.22,3.29,10.57,50.91,29.71,12.93,323.34,127.43,195.91,32.34
59,213.69,58.38,405.71,3.49,10.49,47.89,27.91,12.36,329.63,130.15,199.48,32.81
60,210.91,55.57,408.82,3.11,10.08,45.49,26.4,12.02,335.33,132.57,202.76,33.32
61,208.58,52.22,411.53,2.71,9.29,42.93,24.47,11.48,341.07,135.26,205.81,33.89
62,206.13,49.45,414.41,2.88,9.03,40.42,22.89,10.91,346.47,137.74,208.73,34.44
63,204.02,46.74,416.9,2.49,8.53,38.21,21.78,10.31,351.46,139.88,211.58,35.06
64,202.09,44.28,419.31,2.41,7.97,36.31,20.79,9.58,356.16,142.04,214.12,35.46
65,200.37,41.31,421.25,1.94,6.92,34.39,19.37,9.09,360.86,144.17,216.69,36.03
66,198.86,38.96,423.2,1.95,6.27,32.69,18.48,8.64,365.01,146.25,218.76,36.41
67,197.46,36.43,424.83,1.63,5.65,30.78,17.58,8.35,368.97,148.21,220.76,36.89
68,196.07,34.07,426.54,1.71,5.38,28.69,16.76,7.7,372.83,149.94,222.89,37.44
69,194.71,32.26,428.25,1.71,5.33,26.93,15.98,7.21,376.21,151.41,224.8,37.89
70,193.4,30.49,429.93,1.68,5.15,25.34,14.97,6.75,379.54,153.09,226.45,38.21
71,192.07,28.46,431.39,1.46,4.84,23.62,13.76,6.25,382.88,154.76,228.12,38.67
72,190.82,26.91,432.94,1.55,4.54,22.37,12.95,5.81,385.83,156.18,229.65,39.15
73,189.81,25.42,434.33,1.39,4.59,20.83,12.26,5.38,388.6,157.5,231.1,39.57
74,188.9,23.67,435.5,1.17,4.16,19.51,11.57,5.0,391.43,158.86,232.57,39.97
75,187.84,21.92,436.83,1.33,4.19,17.73,10.49,4.35,394.33,160.17,234.16,40.43
76,187.1,20.47,437.94,1.11,3.76,16.71,9.7,4.19,396.78,161.45,235.33,40.76
77,185.93,19.61,439.25,1.31,3.72,15.89,9.09,3.92,398.9,162.38,236.52,41.17
78,185.24,18.65,440.21,0.96,3.45,15.2,8.74,3.88,400.77,163.15,237.62,41.46
79,184.54,17.9,441.15,0.94,3.19,14.71,8.48,3.8,402.39,163.8,238.59,41.73
80,183.97,16.8,441.9,0.75,2.7,14.1,7.95,3.71,404.16,164.61,239.55,42.11
81,183.29,15.9,442.78,0.88,2.61,13.29,7.54,3.54,405.84,165.37,240.47,42.53
82,182.75,15.02,443.67,0.89,2.65,12.37,7.2,3.35,407.58,166.13,241.45,42.8
83,182.06,14.47,444.49,0.82,2.66,11.81,6.92,3.23,408.87,166.77,242.1,43.18
84,181.48,13.68,445.26,0.77,2.56,11.12,6.46,2.98,410.39,167.38,243.01,43.62
85,181.03,13.18,446.04,0.78,2.33,10.85,6.2,2.77,411.59,168.01,243.58,43.98
86,180.5,12.45,446.84,0.8,2.36,10.09,5.87,2.44,413.08,168.48,244.6,44.21
87,179.82,11.84,447.59,0.75,2.34,9.5,5.77,2.2,414.36,168.99,245.37,44.6
88,179.29,11.38,448.36,0.77,2.31,9.07,5.47,2.04,415.56,169.52,246.04,44.91
89,178.8,10.81,449.01,0.65,2.21,8.6,5.01,2.04,416.72,169.99,246.73,45.24
90,178.39,10.25,449.65,0.64,2.18,8.07,4.74,1.91,417.88,170.57,247.31,45.56
91,177.89,10.01,450.37,0.72,2.16,7.85,4.51,1.93,418.81,170.94,247.87,45.91
92,177.56,9.73,450.88,0.51,1.87,7.86,4.34,1.98,419.58,171.32,248.26,46.27
93,177.28,9.41,451.35,0.47,1.77,7.64,4.22,2.05,420.31,171.6,248.71,46.71
94,176.98,9.09,451.94,0.59,1.69,7.4,4.05,2.12,421.17,171.93,249.24,47.14
95,176.81,8.64,452.46,0.52,1.55,7.09,3.71,2.06,422.13,172.36,249.77,47.39
96,176.21,8.52,453.14,0.68,1.8,6.72,3.61,2.03,422.88,172.69,250.19,47.78
97,175.83,8.46,453.86,0.72,1.98,6.48,3.62,1.89,423.62,172.98,250.64,48.13
98,175.62,8.12,454.28,0.42,1.74,6.38,3.37,1.81,424.37,173.25,251.12,48.41
99,175.29,7.83,454.75,0.47,1.63,6.2,3.27,1.69,425.12,173.55,251.57,48.77
100,175.08,7.64,455.23,0.48,1.51,6.13,3.41,1.55,425.75,173.74,252.01,49.13
101,174.71,7.5,455.83,0.6,1.54,5.96,3.24,1.55,426.46,174.03,252.43,49.48
102,174.44,7.19,456.32,0.49,1.54,5.65,3.15,1.44,427.26,174.33,252.93,49.8
103,174.08,7.2,456.88,0.56,1.65,5.55,3.17,1.44,427.8,174.54,253.26,50.03
104,173.69,7.03,457.35,0.47,1.59,5.44,3.09,1.37,428.43,174.76,253.67,50.4
105,173.36,6.94,457.91,0.56,1.64,5.3,2.94,1.32,429.07,174.96,254.11,50.64
106,173.09,6.85,458.28,0.37,1.44,5.41,3.01,1.33,429.49,175.11,254.38,50.96
107,172.74,6.84,458.84,0.56,1.46,5.38,2.94,1.35,430.01,175.3,254.71,51.29
108,172.62,6.54,459.19,0.35,1.41,5.13,2.83,1.36,430.63,175.54,255.09,51.61
109,172.41,6.37,459.6,0.41,1.31,5.06,2.9,1.25,431.19,175.77,255.42,51.91
110,172.05,6.2,460.07,0.47,1.36,4.84,2.71,1.2,431.79,176.03,255.76,52.25
111,171.94,6.03,460.42,0.35,1.18,4.85,2.7,1.2,432.3,176.21,256.09,52.6
112,171.68,5.98,460.86,0.44,1.25,4.73,2.67,1.16,432.77,176.33,256.44,52.92
113,171.5,5.89,461.28,0.42,1.26,4.63,2.63,1.22,433.22,176.48,256.74,53.23
114,171.36,5.69,461.61,0.33,1.22,4.47,2.51,1.18,433.73,176.64,257.09,53.67
115,171.29,5.58,461.98,0.37,1.06,4.52,2.5,1.12,434.19,176.81,257.38,53.96
116,171.04,5.43,462.37,0.39,1.03,4.4,2.39,1.06,434.72,177.08,257.64,54.35
117,170.94,5.27,462.74,0.37,1.12,4.15,2.37,1.08,435.23,177.27,257.96,54.67
118,170.77,5.2,463.1,0.36,1.12,4.08,2.34,1.1,435.62,177.41,258.21,55.03
119,170.53,5.16,463.58,0.48,1.23,3.93,2.17,1.03,436.11,177.6,258.51,55.31
120,170.29,5.13,463.96,0.38,1.25,3.88,2.14,1.02,436.48,177.68,258.8,55.71
121,170.18,4.98,464.34,0.38,1.12,3.86,2.09,0.9,436.99,177.82,259.17,56.03
122,169.96,4.99,464.73,0.39,1.19,3.8,2.06,0.91,437.34,177.89,259.45,56.33
123,169.79,5.0,465.15,0.42,1.17,3.83,2.04,1.03,437.74,178.02,259.72,56.51
124,169.54,4.98,465.5,0.35,1.22,3.76,1.99,1.03,438.09,178.18,259.91,56.76
125,169.34,4.79,465.81,0.31,1.11,3.68,1.92,1.04,438.58,178.4,260.18,57.12
126,169.16,4.72,466.16,0.35,1.04,3.68,1.85,0.99,438.99,178.54,260.45,57.44
127,169.08,4.73,466.43,0.27,0.96,3.77,1.98,1.02,439.24,178.61,260.63,57.67
128,168.76,4.79,466.84,0.41,1.01,3.78,1.97,1.1,439.56,178.69,260.87,58.04
129,168.67,4.82,467.23,0.39,1.09,3.73,1.91,1.15,439.91,178.83,261.08,58.29
130,168.42,4.81,467.57,0.34,1.14,3.67,1.9,1.17,440.24,178.9,261.34,58.62
131,168.2,4.72,467.98,0.41,1.14,3.58,1.84,1.04,440.74,179.1,261.64,58.93
132,168.04,4.76,468.35,0.37,1.12,3.64,1.82,1.02,441.05,179.21,261.84,59.2
133,167.86,4.63,468.68,0.33,1.14,3.49,1.73,1.06,441.47,179.38,262.09,59.5
134,167.76,4.6,468.96,0.28,1.02,3.58,1.72,1.15,441.76,179.47,262.29,59.76
135,167.58,4.49,469.26,0.3,0.95,3.54,1.69,1.08,442.17,179.56,262.61,60.03
136,167.46,4.36,469.53,0.27,0.93,3.43,1.71,1.06,442.55,179.67,262.88,60.35
137,167.24,4.34,469.88,0.35,0.97,3.37,1.69,1.08,442.9,179.79,263.11,60.72
138,167.17,4.26,470.14,0.26,0.99,3.27,1.7,1.02,443.23,179.97,263.26,61.06
139,167.09,4.27,470.45,0.31,0.94,3.33,1.69,1.04,443.52,180.04,263.48,61.33
140,166.97,4.26,470.74,0.29,0.86,3.4,1.59,1.08,443.8,180.11,263.69,61.64
141,166.89,4.12,471.01,0.27,0.91,3.21,1.66,0.96,444.21,180.2,264.01,61.95
142,166.82,3.97,471.27,0.26,0.84,3.13,1.72,0.86,444.59,180.32,264.27,62.26
143,166.6,3.99,471.59,0.32,0.86,3.13,1.67,0.83,444.87,180.4,264.47,62.68
144,166.49,3.96,471.94,0.35,0.94,3.02,1.62,0.83,445.24,180.51,264.73,63.0
145,166.34,3.91,472.27,0.33,0.97,2.94,1.55,0.82,445.61,180.65,264.96,63.33
146,166.27,3.9,472.56,0.29,0.97,2.93,1.48,0.86,445.89,180.76,265.13,63.71
147,166.3,3.86,472.82,0.26,0.82,3.04,1.55,0.79,446.19,180.85,265.34,64.04
148,166.07,4.01,473.22,0.4,0.98,3.03,1.58,0.8,446.43,180.97,265.46,64.35
149,165.87,3.98,473.55,0.33,0.98,3.0,1.57,0.86,446.77,181.09,265.68,64.68
150,165.65,4.01,473.94,0.39,1.06,2.95,1.45,0.86,447.11,181.2,265.91,65.01
151,165.52,4.17,474.33,0.39,1.22,2.95,1.48,0.93,447.32,181.26,266.06,65.35
152,165.46,4.11,474.59,0.26,1.11,3.0,1.52,0.88,447.63,181.34,266.29,65.61
153,165.3,4.13,474.9,0.31,0.98,3.15,1.51,0.83,447.92,181.36,266.56,65.93
154,165.2,4.14,475.17,0.27,0.87,3.27,1.58,0.87,448.17,181.43,266.74,66.23
155,165.06,4.1,475.42,0.25,0.83,3.27,1.63,0.97,448.46,181.52,266.94,66.59
156,165.04,4.04,475.65,0.23,0.77,3.27,1.68,1.01,448.74,181.61,267.13,66.91
157,164.87,4.02,476.04,0.39,0.89,3.13,1.66,0.91,449.14,181.76,267.38,67.14
158,164.66,4.13,476.39,0.35,0.97,3.16,1.75,0.87,449.38,181.85,267.53,67.35
159,164.29,4.24,476.84,0.45,1.13,3.11,1.71,0.84,449.71,181.97,267.74,67.61
160,164.04,4.32,477.25,0.41,1.2,3.12,1.67,0.82,450.02,182.1,267.92,67.89
161,163.82,4.47,477.64,0.39,1.23,3.24,1.73,0.81,450.25,182.15,268.1,68.16
162,163.62,4.43,477.98,0.34,1.17,3.26,1.73,0.77,450.61,182.27,268.34,68.61
163,163.52,4.33,478.34,0.36,1.17,3.16,1.73,0.68,451.03,182.43,268.6,68.99
164,163.47,4.18,478.57,0.23,1.05,3.13,1.8,0.62,451.4,182.53,268.87,69.41
165,163.54,4.14,478.81,0.24,0.73,3.41,1.8,0.7,451.66,182.65,269.01,69.66
166,163.28,4.15,479.14,0.33,0.85,3.3,1.8,0.73,451.94,182.78,269.16,70.06
167,163.27,4.16,479.42,0.28,0.91,3.25,1.97,0.85,452.2,182.86,269.34,70.39
168,163.24,4.11,479.65,0.23,0.78,3.33,1.93,0.83,452.46,182.95,269.51,70.69
169,163.15,4.14,479.94,0.29,0.83,3.31,1.89,0.83,452.72,183.02,269.7,70.93
170,163.03,4.05,480.19,0.25,0.79,3.26,1.91,0.82,453.04,183.21,269.83,71.21
171,162.93,3.95,480.44,0.25,0.77,3.18,1.77,0.85,453.39,183.3,270.09,71.44
172,162.69,3.86,480.73,0.29,0.78,3.08,1.68,0.85,453.76,183.44,270.32,71.82
173,162.61,3.84,481.06,0.33,0.87,2.97,1.62,0.83,454.1,183.53,270.57,72.1
174,162.52,3.76,481.33,0.27,0.87,2.89,1.55,0.83,454.44,183.7,270.74,72.36
175,162.38,3.44,481.57,0.24,0.82,2.62,1.37,0.69,454.99,183.88,271.11,72.73
176,162.42,3.47,481.82,0.25,0.85,2.62,1.41,0.7,455.19,183.97,271.22,72.96
177,162.17,3.55,482.13,0.31,0.84,2.71,1.41,0.76,455.39,184.0,271.39,73.4
178,162.12,3.52,482.49,0.36,0.94,2.58,1.26,0.74,455.74,184.16,271.58,73.72
179,162.06,3.51,482.72,0.23,0.94,2.57,1.3,0.78,455.97,184.21,271.76,74.0
