Day,Susceptible,Infected,Cumulative Infected,Daily Infected,Incubating,Transmitting,Symptomatic,Asymptomatic,Recovered,Residents Recovered,Staff Recovered,Dead
0,593.52,6.15,6.15,6.15,6.15,0.0,0.0,0.0,0.0,0.0,0.0,0.33
1,593.48,6.15,6.15,0.0,6.15,0.0,0.0,0.0,0.0,0.0,0.0,0.7
2,593.61,6.15,6.15,0.0,4.1,2.05,0.0,0.0,0.0,0.0,0.0,0.94
3,593.17,6.59,6.59,0.44,2.51,4.08,0.0,0.0,0.0,0.0,0.0,1.18
4,592.39,7.33,7.33,0.74,1.18,6.15,1.26,0.79,0.0,0.0,0.0,1.46
5,591.29,8.47,8.47,1.14,2.16,6.31,2.53,1.55,0.0,0.0,0.0,1.7
6,590.04,9.63,9.63,1.16,2.91,6.72,3.77,2.38,0.0,0.0,0.0,2.03
7,588.8,10.96,10.96,1.33,3.41,7.55,3.87,2.44,0.0,0.0,0.0,2.27
8,587.39,12.28,12.29,1.33,3.94,8.34,4.21,2.51,0.0,0.0,0.0,2.6
9,585.9,13.76,13.77,1.48,4.17,9.59,4.81,2.74,0.0,0.0,0.0,2.94
10,584.26,15.43,15.47,1.7,4.36,11.07,5.43,2.9,0.0,0.0,0.0,3.25
11,582.51,17.16,17.21,1.74,4.68,12.48,6.38,3.19,0.0,0.0,0.0,3.58
12,579.99,17.64,19.75,2.54,5.91,11.73,6.14,2.86,2.05,0.0,2.05,3.9
13,578.31,17.25,21.47,1.72,6.25,11.0,5.79,2.53,4.08,0.0,4.08,4.26
14,576.57,16.86,23.21,1.74,5.78,11.08,5.41,2.09,6.15,0.0,6.15,4.68
15,575.32,18.06,24.65,1.44,5.21,12.85,6.13,2.5,6.31,0.08,6.23,4.99
16,573.44,19.4,26.46,1.81,5.01,14.39,7.45,2.92,6.71,0.39,6.32,5.44
17,571.65,20.57,28.48,2.02,5.5,15.07,8.18,3.35,7.48,0.79,6.69,5.74
18,569.67,21.64,30.45,1.97,5.74,15.9,8.89,3.75,8.22,1.28,6.94,6.21
19,567.18,23.08,33.11,2.66,6.81,16.27,9.1,3.85,9.37,1.89,7.48,6.58
20,564.69,24.21,35.7,2.59,7.52,16.69,9.32,3.9,10.77,2.58,8.19,6.91
21,562.33,25.1,38.06,2.36,7.42,17.68,9.3,4.04,12.13,3.41,8.72,7.35
22,559.72,26.51,40.76,2.7,7.8,18.71,9.64,4.29,13.33,4.01,9.32,7.79
23,557.17,27.73,43.5,2.74,7.89,19.84,10.31,4.56,14.64,4.57,10.07,8.25
24,554.27,28.61,46.51,3.01,8.4,20.21,10.2,4.87,16.65,5.45,11.2,8.72
25,551.85,29.19,49.09,2.58,8.3,20.89,10.65,5.07,18.55,6.19,12.36,9.13
26,549.13,30.05,51.97,2.88,8.56,21.49,11.02,5.18,20.45,6.91,13.54,9.51
27,546.39,31.36,54.83,2.86,8.74,22.62,11.69,5.64,21.87,7.37,14.5,9.9
28,543.33,32.73,57.94,3.11,8.98,23.75,12.29,5.91,23.51,7.87,15.64,10.35
29,539.97,34.52,61.36,3.42,9.52,25.0,13.03,6.23,25.0,8.37,16.63,10.89
30,537.04,35.86,64.55,3.19,9.71,26.15,13.75,6.53,26.75,9.05,17.7,11.27
31,533.78,36.73,67.84,3.29,10.0,26.73,14.09,6.65,29.08,9.97,19.11,11.71
32,530.62,37.73,71.2,3.36,9.9,27.83,14.71,6.67,31.3,10.8,20.5,12.11
33,527.03,38.77,74.89,3.69,10.32,28.45,15.07,6.66,33.77,11.86,21.91,12.6
34,523.69,39.67,78.38,3.49,10.61,29.06,15.54,7.07,36.21,12.91,23.3,13.11
35,520.02,40.83,82.31,3.93,11.07,29.76,15.98,7.13,38.79,13.98,24.81,13.55
36,516.26,42.28,86.35,4.04,11.67,30.61,16.39,7.32,41.26,15.11,26.15,13.86
37,512.58,43.38,90.16,3.81,11.57,31.81,16.71,7.76,43.83,16.11,27.72,14.2
38,508.45,44.68,94.37,4.21,12.03,32.65,16.97,8.03,46.57,17.29,29.28,14.64
39,504.59,45.71,98.3,3.93,12.14,33.57,17.68,8.34,49.29,18.44,30.85,15.22
40,500.87,46.84,102.38,4.08,12.19,34.65,18.09,8.73,52.1,19.61,32.49,15.61
41,496.58,48.14,106.72,4.34,12.53,35.61,18.55,9.03,54.97,20.81,34.16,16.15
42,492.48,49.11,111.07,4.35,12.98,36.13,19.2,9.05,58.23,22.15,36.08,16.57
43,488.48,49.92,115.18,4.11,12.93,36.99,19.61,9.33,61.36,23.51,37.85,17.08
44,484.71,50.8,119.28,4.1,12.38,38.42,20.08,9.53,64.37,24.85,39.52,17.5
45,480.72,51.41,123.47,4.19,12.17,39.24,20.76,9.44,67.69,26.16,41.53,17.99
46,476.65,52.16,127.74,4.27,12.57,39.59,21.8,9.53,71.06,27.61,43.45,18.47
47,472.93,52.33,131.79,4.05,12.51,39.82,22.05,9.79,74.74,29.33,45.41,18.84
48,468.34,53.24,136.48,4.69,12.82,40.42,22.23,9.71,78.27,30.71,47.56,19.41
49,464.35,53.61,140.72,4.24,13.02,40.59,22.48,9.71,81.9,32.18,49.72,19.99
50,460.04,54.14,145.33,4.61,13.64,40.5,22.53,9.95,85.71,33.7,52.01,20.57
51,456.23,54.12,149.39,4.06,13.14,40.98,22.41,10.02,89.48,35.41,54.07,21.25
52,452.39,54.52,153.65,4.26,13.03,41.49,22.58,9.99,93.14,36.96,56.18,21.75
53,448.45,54.54,157.86,4.21,13.01,41.53,22.71,10.23,97.09,38.56,58.53,22.22
54,444.34,54.35,162.22,4.36,12.81,41.54,22.53,10.22,101.43,40.34,61.09,22.72
55,440.33,54.26,166.47,4.25,12.62,41.64,22.78,9.87,105.59,41.9,63.69,23.2
56,436.51,54.41,170.53,4.06,12.91,41.5,23.14,10.17,109.28,43.36,65.92,23.73
57,432.6,54.43,174.69,4.16,12.59,41.84,23.36,10.25,113.19,44.95,68.24,24.27
58,428.55,54.49,179.06,4.37,12.81,41.68,22.97,10.1,117.27,46.68,70.59,24.76
59,424.91,54.21,182.98,3.92,12.42,41.79,23.06,10.29,121.13,48.14,72.99,25.41
60,421.47,53.96,186.75,3.77,12.12,41.84,22.94,10.54,124.93,49.71,75.22,26.01
61,417.96,53.38,190.69,3.94,11.96,41.42,22.79,10.46,129.24,51.66,77.58,26.44
62,414.41,52.78,194.47,3.78,11.74,41.04,22.46,10.48,133.4,53.34,80.06,26.94
63,410.75,52.62,198.39,3.92,11.67,40.95,22.1,10.87,137.29,54.95,82.34,27.41
64,407.07,51.94,202.3,3.91,11.96,39.98,21.81,10.57,141.68,56.93,84.75,27.91
65,403.63,51.27,206.0,3.7,11.62,39.65,21.69,10.32,145.83,58.77,87.06,28.42
66,400.24,51.18,209.77,3.77,11.54,39.64,21.51,10.26,149.43,60.43,89.0,28.9
67,396.67,50.59,213.61,3.84,11.45,39.14,21.35,10.03,153.62,62.27,91.35,29.41
68,393.14,50.17,217.44,3.83,11.63,38.54,21.03,9.97,157.62,63.96,93.66,29.95
69,390.25,49.11,220.69,3.25,10.98,38.13,20.86,9.76,161.7,65.75,95.95,30.4
70,387.03,48.6,224.16,3.47,10.57,38.03,20.78,9.5,165.52,67.46,98.06,30.88
71,384.37,47.32,227.09,2.93,10.01,37.31,20.73,9.26,169.46,69.12,100.34,31.41
72,381.61,46.47,230.15,3.06,9.54,36.93,20.72,9.22,173.22,70.64,102.58,31.83
73,378.81,45.52,233.18,3.03,9.25,36.27,20.19,9.24,176.94,72.34,104.6,32.34
74,375.96,44.98,236.31,3.13,9.21,35.77,20.01,9.27,180.45,73.89,106.56,32.81
75,373.04,44.13,239.49,3.18,9.46,34.67,19.54,9.03,184.24,75.51,108.73,33.3
76,370.52,43.11,242.29,2.8,9.02,34.09,19.3,8.63,187.86,77.07,110.79,33.79
77,367.83,42.18,245.22,2.93,8.88,33.3,18.44,8.57,191.56,78.69,112.87,34.26
78,365.03,41.66,248.25,3.03,8.93,32.73,18.17,8.52,194.99,80.36,114.63,34.73
79,362.77,40.33,250.85,2.6,8.5,31.83,17.54,8.28,198.7,81.95,116.75,35.17
80,360.18,39.39,253.64,2.79,8.51,30.88,17.05,8.04,202.29,83.46,118.83,35.7
81,358.16,38.39,256.09,2.45,8.1,30.29,16.73,7.95,205.57,84.87,120.7,36.03
82,355.9,37.09,258.39,2.3,7.56,29.53,16.22,7.62,209.0,86.47,122.53,36.54
83,353.9,36.07,260.74,2.35,7.41,28.66,15.78,7.56,212.18,87.88,124.3,36.97
84,351.99,34.99,262.85,2.11,6.86,28.13,15.54,7.44,215.17,89.27,125.9,37.47
85,350.12,34.2,265.05,2.2,6.72,27.48,15.41,7.09,218.0,90.51,127.49,37.86
86,348.2,33.03,267.11,2.06,6.45,26.58,14.93,7.0,221.04,91.8,129.24,38.37
87,346.5,32.05,269.09,1.98,6.45,25.6,14.67,6.63,223.87,93.24,130.63,38.82
88,344.75,31.01,271.11,2.02,6.18,24.83,14.06,6.5,226.73,94.64,132.09,39.32
89,342.98,30.18,273.22,2.11,6.06,24.12,13.43,6.18,229.51,95.88,133.63,39.72
90,341.17,29.35,275.16,1.94,5.99,23.36,13.09,6.04,232.15,97.05,135.1,40.2
91,339.68,28.23,276.92,1.76,5.7,22.53,12.57,5.9,234.85,98.36,136.49,40.7
92,337.98,27.4,278.9,1.98,5.65,21.75,11.94,5.73,237.53,99.56,137.97,41.12
93,336.42,26.77,280.72,1.82,5.69,21.08,11.75,5.53,239.87,100.63,139.24,41.49
94,334.91,25.91,282.42,1.7,5.5,20.41,11.43,5.32,242.35,101.49,140.86,41.85
95,333.43,25.35,284.1,1.68,5.4,19.95,11.04,5.24,244.52,102.44,142.08,42.16
96,331.95,24.65,285.72,1.62,5.14,19.51,10.93,4.92,246.74,103.36,143.38,42.52
97,330.61,24.16,287.23,1.51,4.93,19.23,10.81,4.83,248.59,104.25,144.34,42.98
98,329.45,23.29,288.67,1.44,4.6,18.69,10.53,4.68,250.78,105.32,145.46,43.38
99,328.33,22.28,289.97,1.3,4.16,18.12,10.1,4.51,252.94,106.22,146.72,43.82
100,327.0,21.86,291.52,1.55,4.33,17.53,10.06,4.36,254.81,106.98,147.83,44.23
101,325.77,21.23,292.93,1.41,4.4,16.83,9.87,4.25,256.77,107.84,148.93,44.59
102,324.59,20.51,294.23,1.3,4.37,16.14,9.45,4.02,258.68,108.6,150.08,45.03
103,323.53,20.11,295.6,1.37,4.1,16.01,9.14,3.9,260.39,109.43,150.96,45.31
104,322.4,19.54,296.86,1.26,3.91,15.63,8.62,3.92,262.14,110.19,151.95,45.67
105,321.13,19.2,298.31,1.45,3.91,15.29,8.4,3.99,263.82,110.95,152.87,46.11
106,319.87,18.76,299.7,1.39,4.23,14.53,8.02,3.99,265.61,111.79,153.82,46.48
107,318.92,18.25,300.82,1.12,3.99,14.26,7.93,3.9,267.19,112.5,154.69,46.86
108,318.12,17.5,301.8,0.98,3.63,13.87,7.41,3.76,268.88,113.13,155.75,47.2
109,317.18,16.9,302.89,1.09,3.28,13.62,7.17,3.67,270.53,113.84,156.69,47.55
110,316.18,16.65,304.06,1.17,3.23,13.42,7.2,3.56,271.85,114.39,157.46,47.92
111,315.12,16.53,305.27,1.21,3.43,13.1,7.24,3.63,273.13,114.93,158.2,48.23
112,314.2,16.26,306.32,1.05,3.36,12.9,7.2,3.57,274.43,115.58,158.85,48.55
113,313.3,15.62,307.37,1.05,3.28,12.34,6.86,3.23,276.06,116.36,159.7,48.91
114,312.42,15.19,308.42,1.05,3.11,12.08,6.68,3.05,277.47,116.99,160.48,49.29
115,311.72,14.61,309.31,0.89,2.94,11.67,6.47,2.92,278.85,117.55,161.3,49.66
116,310.97,14.52,310.27,0.96,2.94,11.58,6.54,3.02,279.82,117.98,161.84,50.01
117,309.97,14.27,311.39,1.12,3.04,11.23,6.31,2.95,281.13,118.51,162.62,50.52
118,309.37,13.86,312.34,0.95,3.13,10.73,6.01,2.85,282.42,119.07,163.35,50.89
119,308.69,13.31,313.19,0.85,2.88,10.43,5.76,2.71,283.76,119.6,164.16,51.22
120,308.06,12.93,314.01,0.82,2.69,10.24,5.54,2.59,284.91,120.13,164.78,51.51
121,307.36,12.74,314.83,0.82,2.62,10.12,5.54,2.68,285.85,120.63,165.22,51.83
122,306.63,12.5,315.69,0.86,2.57,9.93,5.43,2.71,286.91,121.05,165.86,52.15
123,305.97,12.23,316.53,0.84,2.48,9.75,5.26,2.66,287.98,121.6,166.38,52.43
124,305.47,11.65,317.14,0.61,2.28,9.37,5.12,2.51,289.12,122.07,167.05,52.74
125,304.9,11.3,317.84,0.7,2.19,9.11,4.99,2.52,290.14,122.55,167.59,53.03
126,304.36,11.06,318.55,0.71,2.14,8.92,4.83,2.54,291.05,123.03,168.02,53.3
127,303.72,10.74,319.27,0.72,2.11,8.63,4.67,2.45,292.05,123.45,168.6,53.68
128,303.1,10.64,320.07,0.8,2.26,8.38,4.59,2.39,292.89,123.74,169.15,54.06
129,302.58,10.35,320.84,0.77,2.33,8.02,4.45,2.22,293.93,124.2,169.73,54.31
130,301.9,10.05,321.54,0.7,2.23,7.82,4.36,1.96,294.88,124.69,170.19,54.67
131,301.4,9.86,322.24,0.7,2.22,7.64,4.29,1.84,295.73,125.04,170.69,54.92
132,300.85,9.52,322.82,0.58,2.07,7.45,4.19,1.82,296.6,125.43,171.17,55.34
133,300.44,9.29,323.47,0.65,2.0,7.29,4.1,1.74,297.46,125.84,171.62,55.63
134,299.8,9.19,324.2,0.73,2.1,7.09,4.07,1.67,298.25,126.26,171.99,55.94
135,299.47,8.89,324.69,0.49,1.87,7.02,4.08,1.59,299.01,126.61,172.4,56.3
136,299.07,8.59,325.19,0.5,1.69,6.9,3.92,1.59,299.75,126.99,172.76,56.72
137,298.73,8.4,325.75,0.56,1.57,6.83,3.92,1.56,300.46,127.26,173.2,57.1
138,298.41,8.29,326.31,0.56,1.61,6.68,3.85,1.63,301.07,127.56,173.51,57.36
139,298.05,8.07,326.79,0.48,1.56,6.51,3.83,1.63,301.73,127.9,173.83,57.68
140,297.55,7.96,327.45,0.66,1.83,6.13,3.75,1.46,302.47,128.24,174.23,57.96
141,297.17,7.74,327.94,0.49,1.64,6.1,3.64,1.39,303.16,128.48,174.68,58.28
142,296.97,7.43,328.35,0.41,1.52,5.91,3.4,1.3,303.87,128.83,175.04,58.51
143,296.54,7.28,328.88,0.53,1.5,5.78,3.42,1.28,304.53,129.17,175.36,58.74
144,296.1,7.19,329.41,0.53,1.5,5.69,3.39,1.22,305.1,129.39,175.71,59.04
145,295.77,6.91,329.83,0.42,1.57,5.34,3.23,1.23,305.79,129.73,176.06,59.38
146,295.48,6.66,330.25,0.42,1.52,5.14,3.16,1.16,306.45,129.97,176.48,59.75
147,295.28,6.42,330.7,0.45,1.44,4.98,2.95,1.03,307.1,130.3,176.8,60.09
148,294.99,6.29,331.1,0.4,1.3,4.99,2.85,1.07,307.61,130.52,177.09,60.43
149,294.62,6.21,331.57,0.47,1.29,4.92,2.78,1.12,308.13,130.83,177.3,60.84
150,294.41,6.29,332.03,0.46,1.38,4.91,2.91,1.15,308.49,130.99,177.5,61.23
151,294.24,5.99,332.4,0.37,1.33,4.66,2.69,1.18,309.14,131.28,177.86,61.5
152,293.87,5.85,332.81,0.41,1.37,4.48,2.57,1.12,309.64,131.6,178.04,61.89
153,293.76,5.69,333.18,0.37,1.2,4.49,2.48,1.1,310.14,131.8,178.34,62.16
154,293.53,5.47,333.49,0.31,1.09,4.38,2.35,1.07,310.62,132.03,178.59,62.52
155,293.47,5.39,333.78,0.29,0.97,4.42,2.45,1.14,310.95,132.11,178.84,62.78
156,293.05,5.38,334.2,0.42,1.07,4.31,2.42,1.16,311.38,132.26,179.12,63.18
157,292.88,5.18,334.55,0.35,1.11,4.07,2.37,1.07,311.9,132.48,179.42,63.52
158,292.63,4.94,334.9,0.35,1.12,3.82,2.13,1.04,312.42,132.71,179.71,63.97
159,292.58,4.82,335.21,0.31,1.07,3.75,2.15,0.9,312.85,132.89,179.96,64.28
160,292.42,4.76,335.53,0.32,0.99,3.77,2.08,0.93,313.19,133.06,180.13,64.62
161,292.35,4.65,335.82,0.29,0.95,3.7,2.06,0.91,313.58,133.24,180.34,64.87
162,292.05,4.68,336.21,0.39,1.01,3.67,2.1,0.91,313.93,133.42,180.51,65.15
163,291.84,4.43,336.5,0.29,0.97,3.46,1.92,0.88,314.43,133.63,180.8,65.47
164,291.6,4.36,336.85,0.35,1.01,3.35,1.89,0.82,314.84,133.85,180.99,65.84
165,291.62,4.13,337.02,0.17,0.85,3.28,1.82,0.82,315.24,134.02,181.22,66.11
166,291.44,4.04,337.25,0.23,0.66,3.38,1.85,0.78,315.56,134.18,181.38,66.5
167,291.48,3.94,337.46,0.21,0.58,3.36,1.81,0.84,315.84,134.34,181.5,66.78
168,291.24,3.95,337.79,0.33,0.74,3.21,1.89,0.86,316.15,134.46,181.69,67.09
169,291.17,3.77,337.99,0.2,0.77,3.0,1.88,0.78,316.5,134.62,181.88,67.45
170,291.17,3.54,338.15,0.16,0.65,2.89,1.7,0.74,316.88,134.79,182.09,67.79
171,291.05,3.48,338.42,0.27,0.7,2.78,1.6,0.68,317.2,134.93,182.27,68.12
172,291.04,3.36,338.63,0.21,0.62,2.74,1.56,0.67,317.51,135.07,182.44,68.39
173,290.96,3.23,338.84,0.21,0.64,2.59,1.48,0.63,317.84,135.14,182.7,68.63
174,290.73,3.23,339.14,0.3,0.75,2.48,1.48,0.62,318.12,135.29,182.83,68.88
175,290.58,3.12,339.36,0.22,0.75,2.37,1.38,0.58,318.43,135.41,183.02,69.3
176,290.66,2.87,339.51,0.15,0.63,2.24,1.25,0.5,318.82,135.56,183.26,69.61
177,290.59,2.81,339.72,0.21,0.6,2.21,1.15,0.55,319.08,135.73,183.35,69.93
178,290.5,2.84,339.95,0.23,0.69,2.15,1.16,0.61,319.25,135.79,183.46,70.29
179,290.53,2.85,340.12,0.17,0.56,2.29,1.21,0.64,319.41,135.86,183.55,70.56
