Day,Susceptible,Infected,Cumulative Infected,Daily Infected,Incubating,Transmitting,Symptomatic,Asymptomatic,Recovered,Dead
0,197.43,2.48,2.48,2.48,2.48,0.0,0.0,0.0,0.0,0.09
1,196.91,3.0,3.0,0.52,3.0,0.0,0.0,0.0,0.0,0.18
2,196.33,3.57,3.57,0.57,2.67,0.9,0.0,0.0,0.0,0.28
3,195.67,4.22,4.22,0.65,2.41,1.81,0.0,0.0,0.0,0.39
4,194.96,4.96,4.96,0.74,1.96,3.0,0.54,0.36,0.0,0.47
5,193.9,6.01,6.01,1.05,2.4,3.61,1.03,0.78,0.0,0.56
6,192.67,7.26,7.26,1.25,2.92,4.34,1.74,1.26,0.0,0.63
7,191.39,8.5,8.5,1.24,3.4,5.1,2.06,1.55,0.0,0.74
8,190.05,9.88,9.88,1.38,3.7,6.18,2.53,1.81,0.0,0.81
9,188.36,11.46,11.46,1.58,4.25,7.21,3.0,2.1,0.0,0.99
10,186.82,13.07,13.07,1.61,4.62,8.45,3.71,2.47,0.0,1.1
11,184.98,14.91,14.94,1.87,4.92,9.99,4.42,2.77,0.0,1.21
12,182.8,16.21,17.16,2.22,5.78,10.43,4.69,2.82,0.9,1.3
13,180.71,17.4,19.28,2.12,6.08,11.32,5.23,2.92,1.81,1.38
14,178.57,18.29,21.39,2.11,6.49,11.8,5.4,2.89,3.0,1.52
15,176.63,19.62,23.39,2.0,6.33,13.29,6.2,3.24,3.61,1.66
16,174.26,21.22,25.78,2.39,6.38,14.84,6.66,3.69,4.33,1.85
17,171.67,23.11,28.46,2.68,6.97,16.14,7.62,4.09,5.08,1.99
18,169.1,24.65,31.09,2.63,7.42,17.23,8.48,4.48,6.12,2.12
19,166.19,26.57,34.06,2.97,8.0,18.57,9.18,4.82,7.11,2.25
20,163.13,28.29,37.11,3.05,8.76,19.53,9.78,5.07,8.31,2.52
21,160.68,29.35,39.74,2.63,8.66,20.69,10.36,5.31,9.8,2.69
22,157.91,30.84,42.62,2.88,8.67,22.17,10.97,5.6,11.09,2.85
23,154.95,31.96,45.61,2.99,8.55,23.41,11.61,5.82,12.8,3.14
24,151.98,33.42,48.83,3.22,8.95,24.47,12.61,5.93,14.45,3.29
25,148.52,34.87,52.4,3.57,9.89,24.98,13.3,6.23,16.51,3.39
26,145.37,35.69,55.53,3.13,9.89,25.8,13.69,6.36,18.7,3.64
27,142.17,36.87,58.89,3.36,9.95,26.92,13.85,6.65,20.7,3.93
28,138.85,38.2,62.39,3.5,10.12,28.08,14.52,6.93,22.79,4.12
29,135.62,39.07,65.71,3.32,10.1,28.97,15.06,7.26,25.09,4.37
30,132.38,40.24,69.16,3.45,10.26,29.98,15.91,7.47,27.23,4.56
31,129.14,40.85,72.51,3.35,10.11,30.74,16.28,7.69,29.86,4.75
32,126.24,40.93,75.55,3.04,9.84,31.09,16.35,7.94,32.62,5.01
33,123.22,41.1,78.76,3.21,9.68,31.42,16.65,8.1,35.54,5.21
34,120.27,41.42,81.86,3.1,9.44,31.98,16.99,8.28,38.22,5.37
35,117.24,41.9,85.01,3.15,9.42,32.48,17.49,8.48,40.76,5.54
36,114.44,41.64,87.92,2.91,9.34,32.3,17.64,8.51,43.78,5.76
37,111.72,41.15,90.83,2.91,8.88,32.27,17.33,8.59,47.01,6.02
38,109.04,40.64,93.72,2.89,8.8,31.84,16.86,8.64,50.22,6.3
39,106.25,40.43,96.76,3.04,9.07,31.36,17.05,8.57,53.36,6.48
40,103.72,39.81,99.4,2.64,8.64,31.17,16.89,8.44,56.44,6.74
41,101.2,39.01,102.1,2.7,8.35,30.66,16.42,8.19,59.76,7.01
42,99.0,38.1,104.52,2.42,7.89,30.21,16.21,8.15,62.9,7.26
43,96.9,37.05,106.85,2.33,7.38,29.67,15.95,8.03,66.06,7.52
44,94.66,36.2,109.32,2.47,7.37,28.83,15.5,8.02,69.25,7.72
45,92.46,35.3,111.67,2.35,7.13,28.17,15.45,7.66,72.33,7.94
46,90.03,34.98,114.3,2.63,7.27,27.71,15.25,7.38,75.11,8.15
47,87.96,33.94,116.54,2.24,7.32,26.62,14.83,7.12,78.27,8.33
48,86.26,32.9,118.38,1.84,6.72,26.18,14.65,6.93,81.09,8.46
49,84.34,32.09,120.36,1.98,6.37,25.72,14.27,6.72,83.74,8.72
50,82.66,30.86,122.25,1.89,5.89,24.97,13.9,6.38,86.7,8.95
51,81.07,29.57,124.02,1.77,5.7,23.87,13.57,5.98,89.61,9.19
52,79.69,28.3,125.58,1.56,5.32,22.98,13.28,5.8,92.33,9.38
53,78.29,27.17,127.16,1.58,4.98,22.19,12.71,5.62,94.99,9.47
54,76.83,26.26,128.67,1.51,4.7,21.56,12.4,5.45,97.33,9.65
55,75.72,24.81,129.88,1.21,4.33,20.48,11.88,5.23,99.83,9.96
56,74.71,23.61,131.13,1.25,4.05,19.56,11.37,5.08,102.19,10.16
57,73.68,22.62,132.29,1.16,3.73,18.89,11.01,4.87,104.26,10.33
58,72.61,21.39,133.5,1.21,3.6,17.79,10.37,4.6,106.55,10.53
59,71.49,20.4,134.75,1.25,3.76,16.64,9.8,4.41,108.74,10.69
60,70.62,19.02,135.76,1.01,3.51,15.51,9.14,4.03,111.05,10.84
61,69.74,18.12,136.76,1.0,3.24,14.88,8.67,3.69,112.89,10.99
62,69.01,17.0,137.59,0.83,2.85,14.15,8.18,3.48,114.73,11.26
63,68.23,16.03,138.59,1.0,2.83,13.2,7.61,3.35,116.58,11.48
64,67.59,15.05,139.4,0.81,2.76,12.29,7.26,3.13,118.24,11.69
65,66.95,14.34,140.22,0.82,2.49,11.85,6.93,2.95,119.73,11.81
66,66.38,13.47,140.89,0.67,2.32,11.15,6.45,2.78,121.18,11.99
67,65.82,12.67,141.59,0.7,2.15,10.52,6.13,2.69,122.59,12.17
68,65.38,11.98,142.18,0.59,2.03,9.95,5.79,2.58,123.87,12.25
69,64.81,11.53,142.79,0.61,1.98,9.55,5.63,2.55,124.88,12.35
70,64.38,10.8,143.29,0.5,1.81,8.99,5.2,2.46,126.04,12.51
71,64.06,10.0,143.74,0.45,1.69,8.31,4.82,2.25,127.24,12.67
72,63.61,9.4,144.32,0.58,1.68,7.72,4.48,2.08,128.35,12.83
73,63.25,8.82,144.77,0.45,1.48,7.34,4.17,1.93,129.34,12.97
74,62.87,8.41,145.25,0.48,1.42,6.99,3.96,1.84,130.19,13.13
75,62.5,7.84,145.74,0.49,1.5,6.34,3.69,1.7,131.21,13.26
76,62.14,7.43,146.19,0.45,1.45,5.98,3.46,1.61,132.01,13.4
77,61.82,6.92,146.61,0.42,1.37,5.55,3.13,1.44,132.84,13.59
78,61.6,6.6,146.98,0.37,1.21,5.39,3.04,1.33,133.5,13.68
79,61.24,6.34,147.36,0.38,1.13,5.21,2.91,1.31,134.1,13.86
80,61.0,6.06,147.7,0.34,0.99,5.07,2.86,1.27,134.71,14.01
81,60.86,5.71,147.95,0.25,0.92,4.79,2.73,1.26,135.27,14.18
82,60.67,5.45,148.26,0.31,0.92,4.53,2.71,1.19,135.81,14.3
83,60.39,5.18,148.62,0.36,0.95,4.23,2.55,1.04,136.4,14.42
84,60.14,4.95,148.93,0.31,0.95,4.0,2.4,0.96,136.92,14.54
85,59.97,4.8,149.18,0.25,0.87,3.93,2.35,0.95,137.3,14.71
86,59.89,4.46,149.35,0.17,0.72,3.74,2.21,0.89,137.78,14.88
87,59.77,4.21,149.58,0.23,0.67,3.54,2.14,0.8,138.25,15.02
88,59.59,3.99,149.87,0.29,0.74,3.25,2.05,0.7,138.76,15.07
89,59.41,3.72,150.06,0.19,0.74,2.98,1.94,0.63,139.21,15.2
90,59.22,3.51,150.31,0.25,0.69,2.82,1.71,0.62,139.64,15.39
91,59.23,3.37,150.49,0.18,0.67,2.7,1.58,0.62,139.95,15.45
92,59.06,3.24,150.66,0.17,0.58,2.66,1.57,0.63,140.24,15.54
93,58.93,3.11,150.85,0.19,0.57,2.54,1.48,0.6,140.54,15.62
94,58.89,2.9,150.96,0.11,0.46,2.44,1.4,0.62,140.85,15.71
95,58.73,2.72,151.14,0.18,0.47,2.25,1.26,0.6,141.16,15.88
96,58.7,2.58,151.3,0.16,0.48,2.1,1.16,0.63,141.44,16.02
97,58.71,2.42,151.41,0.11,0.4,2.02,1.07,0.62,141.7,16.08
98,58.5,2.42,151.62,0.21,0.48,1.94,1.02,0.6,141.9,16.21
99,58.45,2.38,151.77,0.15,0.51,1.87,1.01,0.61,142.08,16.28
100,58.39,2.19,151.86,0.09,0.43,1.76,0.94,0.53,142.34,16.37
101,58.17,2.27,152.12,0.26,0.5,1.77,0.91,0.5,142.52,16.43
102,58.05,2.14,152.26,0.14,0.51,1.63,0.84,0.47,142.78,16.52
103,57.97,2.1,152.41,0.15,0.48,1.62,0.85,0.46,142.97,16.56
104,57.75,2.12,152.63,0.22,0.53,1.59,0.85,0.39,143.17,16.65
105,57.6,2.13,152.83,0.2,0.63,1.5,0.86,0.37,143.34,16.77
106,57.49,2.16,153.01,0.18,0.61,1.55,0.91,0.34,143.48,16.87
107,57.4,2.11,153.15,0.14,0.55,1.56,0.85,0.31,143.67,16.95
108,57.32,2.13,153.3,0.15,0.48,1.65,0.9,0.33,143.8,17.03
109,57.26,2.09,153.4,0.1,0.36,1.73,0.92,0.37,143.92,17.16
110,57.2,2.08,153.56,0.16,0.38,1.7,0.93,0.41,144.08,17.25
111,57.11,2.07,153.71,0.15,0.43,1.64,0.97,0.43,144.24,17.29
112,56.87,2.14,153.91,0.2,0.51,1.63,0.99,0.42,144.37,17.46
113,56.8,2.13,154.09,0.18,0.51,1.62,0.91,0.41,144.54,17.62
114,56.75,2.15,154.29,0.2,0.52,1.63,0.82,0.44,144.71,17.69
115,56.6,2.23,154.48,0.19,0.52,1.71,0.88,0.45,144.81,17.8
116,56.48,2.23,154.65,0.17,0.53,1.7,0.86,0.49,144.98,17.92
117,56.33,2.25,154.88,0.23,0.62,1.63,0.84,0.49,145.18,18.02
118,56.27,2.16,155.0,0.12,0.54,1.62,0.87,0.41,145.39,18.15
119,56.2,2.09,155.14,0.14,0.49,1.6,0.83,0.38,145.6,18.26
120,56.12,2.1,155.28,0.14,0.48,1.62,0.85,0.43,145.73,18.36
121,56.05,2.1,155.41,0.13,0.41,1.69,0.89,0.45,145.83,18.47
122,55.96,2.15,155.59,0.18,0.5,1.65,0.93,0.43,145.95,18.57
123,55.8,2.16,155.78,0.19,0.47,1.69,0.91,0.47,146.13,18.64
124,55.76,2.06,155.86,0.08,0.44,1.62,0.86,0.43,146.31,18.7
125,55.66,1.99,156.0,0.14,0.46,1.53,0.88,0.42,146.5,18.77
126,55.59,1.96,156.12,0.12,0.39,1.57,0.83,0.43,146.65,18.82
127,55.48,1.94,156.24,0.12,0.36,1.58,0.82,0.42,146.79,18.9
128,55.37,1.89,156.37,0.13,0.37,1.52,0.79,0.46,146.97,19.0
129,55.23,1.88,156.55,0.18,0.42,1.46,0.76,0.45,147.15,19.12
130,55.13,1.86,156.69,0.14,0.43,1.43,0.74,0.43,147.3,19.25
131,55.03,1.83,156.86,0.17,0.49,1.34,0.7,0.4,147.5,19.32
132,54.99,1.83,156.94,0.08,0.39,1.44,0.76,0.39,147.58,19.41
133,54.92,1.67,157.0,0.06,0.36,1.31,0.66,0.38,147.8,19.6
134,54.96,1.65,157.11,0.11,0.33,1.32,0.67,0.42,147.91,19.71
135,54.91,1.69,157.26,0.15,0.29,1.4,0.64,0.43,148.02,19.75
136,54.82,1.62,157.37,0.11,0.34,1.28,0.66,0.37,148.2,19.82
137,54.75,1.6,157.49,0.12,0.39,1.21,0.65,0.43,148.34,19.87
138,54.64,1.57,157.6,0.11,0.35,1.22,0.59,0.41,148.46,20.03
139,54.71,1.51,157.66,0.06,0.28,1.23,0.55,0.4,148.58,20.09
140,54.6,1.5,157.77,0.11,0.3,1.2,0.58,0.4,148.7,20.2
141,54.6,1.48,157.86,0.09,0.27,1.21,0.58,0.42,148.81,20.28
142,54.54,1.39,157.95,0.09,0.28,1.11,0.54,0.37,148.99,20.4
143,54.53,1.38,158.02,0.07,0.28,1.1,0.59,0.36,149.07,20.51
144,54.51,1.31,158.09,0.07,0.21,1.1,0.54,0.35,149.21,20.64
145,54.47,1.28,158.25,0.16,0.33,0.95,0.52,0.25,149.4,20.71
146,54.42,1.28,158.31,0.06,0.29,0.99,0.57,0.28,149.46,20.78
147,54.37,1.29,158.39,0.08,0.28,1.01,0.57,0.25,149.53,20.86
148,54.36,1.2,158.45,0.06,0.21,0.99,0.52,0.25,149.68,20.98
149,54.37,1.12,158.5,0.05,0.19,0.93,0.53,0.2,149.81,21.08
150,54.32,1.12,158.59,0.09,0.22,0.9,0.55,0.22,149.9,21.15
151,54.27,1.06,158.65,0.06,0.22,0.84,0.52,0.2,150.02,21.22
152,54.28,1.04,158.71,0.06,0.17,0.87,0.5,0.2,150.1,21.29
153,54.15,1.09,158.83,0.12,0.24,0.85,0.49,0.2,150.17,21.41
154,54.16,1.04,158.92,0.09,0.26,0.78,0.46,0.2,150.31,21.52
155,54.14,1.09,159.01,0.09,0.3,0.79,0.46,0.21,150.35,21.59
156,54.03,1.11,159.13,0.12,0.3,0.81,0.45,0.19,150.45,21.73
157,54.09,1.07,159.18,0.05,0.26,0.81,0.41,0.19,150.54,21.84
158,54.14,0.99,159.23,0.05,0.21,0.78,0.38,0.21,150.67,21.92
159,54.11,0.98,159.29,0.06,0.18,0.8,0.35,0.26,150.74,22.02
160,54.13,0.95,159.32,0.03,0.11,0.84,0.37,0.28,150.8,22.12
161,54.07,1.0,159.43,0.11,0.21,0.79,0.38,0.3,150.86,22.21
162,54.04,0.96,159.51,0.08,0.21,0.75,0.37,0.29,150.97,22.33
163,54.05,0.98,159.58,0.07,0.22,0.76,0.35,0.27,151.02,22.4
164,54.02,0.98,159.65,0.07,0.24,0.74,0.35,0.28,151.09,22.46
165,53.96,0.99,159.72,0.07,0.23,0.76,0.35,0.28,151.14,22.61
166,54.0,0.94,159.79,0.07,0.19,0.75,0.32,0.24,151.26,22.67
167,53.94,0.9,159.84,0.05,0.16,0.74,0.35,0.2,151.35,22.78
168,53.95,0.86,159.89,0.05,0.16,0.7,0.39,0.18,151.44,22.87
169,53.94,0.82,159.94,0.05,0.15,0.67,0.38,0.18,151.53,22.94
170,53.86,0.78,160.0,0.06,0.15,0.63,0.34,0.17,151.63,23.08
171,53.89,0.84,160.07,0.07,0.2,0.64,0.35,0.21,151.64,23.16
172,53.88,0.83,160.13,0.06,0.2,0.63,0.35,0.2,151.71,23.23
173,53.79,0.88,160.24,0.11,0.25,0.63,0.32,0.19,151.77,23.31
174,53.73,0.91,160.32,0.08,0.28,0.63,0.34,0.18,151.82,23.5
175,53.87,0.85,160.35,0.03,0.24,0.61,0.32,0.17,151.9,23.57
176,53.83,0.8,160.41,0.06,0.2,0.6,0.3,0.13,152.01,23.69
177,53.85,0.79,160.48,0.07,0.19,0.6,0.29,0.13,152.09,23.74
178,53.77,0.82,160.56,0.08,0.21,0.61,0.33,0.14,152.14,23.83
179,53.74,0.83,160.63,0.07,0.2,0.63,0.36,0.13,152.2,23.96
