Day,Susceptible,Infected,Cumulative Infected,Daily Infected,Incubating,Transmitting,Symptomatic,Asymptomatic,Recovered,Residents Recovered,Staff Recovered,Dead
0,595.74,3.93,3.93,3.93,3.93,0.0,0.0,0.0,0.0,0.0,0.0,0.33
1,595.76,3.93,3.93,0.0,3.93,0.0,0.0,0.0,0.0,0.0,0.0,0.64
2,595.77,3.93,3.93,0.0,2.56,1.37,0.0,0.0,0.0,0.0,0.0,0.94
3,595.46,4.28,4.28,0.35,1.54,2.74,0.0,0.0,0.0,0.0,0.0,1.2
4,594.89,4.78,4.78,0.5,0.85,3.93,0.7,0.67,0.0,0.0,0.0,1.53
5,594.16,5.49,5.49,0.71,1.44,4.05,1.52,1.22,0.0,0.0,0.0,1.88
6,593.43,6.22,6.22,0.73,1.88,4.34,2.13,1.8,0.0,0.0,0.0,2.23
7,592.67,7.05,7.05,0.83,2.26,4.79,2.23,1.82,0.0,0.0,0.0,2.51
8,591.74,7.94,7.95,0.9,2.47,5.47,2.46,1.88,0.0,0.0,0.0,2.83
9,590.84,8.86,8.88,0.93,2.53,6.33,2.81,1.97,0.0,0.0,0.0,3.13
10,589.76,10.03,10.07,1.19,2.87,7.16,3.22,2.23,0.0,0.0,0.0,3.34
11,588.36,11.33,11.4,1.33,3.46,7.87,3.81,2.47,0.0,0.0,0.0,3.65
12,587.15,11.16,12.64,1.24,3.7,7.46,3.73,1.99,1.37,0.0,1.37,3.97
13,586.11,10.8,13.71,1.07,3.49,7.31,3.38,1.65,2.74,0.0,2.74,4.32
14,585.12,10.6,14.73,1.02,3.26,7.34,3.45,1.37,3.93,0.0,3.93,4.67
15,584.18,11.37,15.67,0.94,3.14,8.23,4.21,1.73,4.03,0.04,3.99,5.09
16,582.99,12.37,16.96,1.29,3.36,9.01,4.86,2.03,4.28,0.19,4.09,5.45
17,581.68,13.34,18.35,1.39,3.73,9.61,5.21,2.31,4.65,0.4,4.25,5.78
18,580.35,14.05,19.77,1.42,4.04,10.01,5.55,2.33,5.31,0.77,4.54,6.07
19,578.96,14.63,21.17,1.4,4.23,10.4,5.7,2.38,6.11,1.18,4.93,6.37
20,577.51,15.26,22.65,1.48,4.14,11.12,5.77,2.57,6.92,1.6,5.32,6.68
21,575.96,16.08,24.19,1.54,4.45,11.63,6.11,2.72,7.6,1.95,5.65,7.04
22,574.15,16.95,26.08,1.89,4.84,12.11,6.4,2.98,8.55,2.45,6.1,7.39
23,572.28,17.65,28.01,1.93,5.4,12.25,6.42,2.96,9.75,3.15,6.6,7.72
24,570.5,18.16,29.81,1.8,5.61,12.55,6.47,3.12,10.97,3.78,7.19,8.1
25,568.76,18.88,31.58,1.77,5.53,13.35,6.78,3.13,11.98,4.21,7.77,8.5
26,567.23,19.45,33.28,1.7,5.45,14.0,7.04,3.33,13.01,4.68,8.33,8.83
27,565.29,20.45,35.33,2.05,5.58,14.87,7.57,3.61,13.97,4.98,8.99,9.16
28,563.21,21.5,37.52,2.19,5.83,15.67,8.05,3.77,15.05,5.29,9.76,9.44
29,561.01,22.47,39.75,2.23,6.34,16.13,8.46,4.02,16.24,5.72,10.52,9.76
30,558.66,23.39,42.2,2.45,6.8,16.59,8.88,4.0,17.73,6.18,11.55,10.02
31,556.19,24.47,44.58,2.38,7.16,17.31,9.15,4.15,18.9,6.63,12.27,10.51
32,554.01,25.39,46.99,2.41,6.98,18.41,9.54,4.26,20.33,7.1,13.23,10.83
33,551.66,26.42,49.38,2.39,7.22,19.2,10.01,4.46,21.61,7.61,14.0,11.2
34,548.96,27.67,52.18,2.8,7.53,20.14,10.67,4.84,23.11,8.18,14.93,11.52
35,546.11,28.65,55.04,2.86,8.11,20.54,10.85,4.93,24.91,8.98,15.93,11.92
36,543.34,29.83,57.99,2.95,8.27,21.56,11.31,5.21,26.6,9.75,16.85,12.23
37,540.4,30.87,61.02,3.03,8.95,21.92,11.55,5.25,28.48,10.44,18.04,12.56
38,537.58,31.86,63.89,2.87,8.98,22.88,12.09,5.6,30.31,11.19,19.12,12.9
39,534.68,33.04,66.82,2.93,9.06,23.98,12.51,5.78,31.95,11.82,20.13,13.34
40,531.48,34.36,70.15,3.33,9.16,25.2,13.07,6.05,33.89,12.49,21.4,13.72
41,528.01,35.95,73.79,3.64,9.72,26.23,13.6,6.32,35.86,13.33,22.53,14.05
42,524.57,36.8,77.28,3.49,10.5,26.3,13.99,6.52,38.37,14.28,24.09,14.46
43,520.93,38.32,80.97,3.69,10.61,27.71,14.67,6.76,40.44,15.06,25.38,14.93
44,517.73,39.14,84.39,3.42,10.81,28.33,14.65,6.89,42.83,16.07,26.76,15.41
45,514.22,40.6,88.18,3.79,10.79,29.81,15.37,7.41,44.98,16.96,28.02,15.79
46,510.32,41.89,92.25,4.07,11.4,30.49,15.72,7.51,47.68,18.19,29.49,16.09
47,506.62,43.34,96.02,3.77,11.42,31.92,16.7,8.02,49.89,19.1,30.79,16.46
48,502.92,44.27,99.83,3.81,11.42,32.85,16.92,8.37,52.61,20.29,32.32,16.91
49,498.91,45.6,103.99,4.16,11.83,33.77,17.43,8.78,55.26,21.36,33.9,17.42
50,495.09,46.32,107.99,4.0,11.97,34.35,17.97,8.79,58.36,22.65,35.71,17.94
51,491.2,47.28,112.07,4.08,11.99,35.29,18.29,9.1,61.3,23.94,37.36,18.47
52,487.67,48.37,115.85,3.78,11.93,36.44,19.23,9.32,63.83,24.96,38.87,18.93
53,483.98,48.72,119.82,3.97,11.92,36.8,19.45,9.53,67.26,26.25,41.01,19.3
54,480.15,49.5,123.77,3.95,11.77,37.73,19.94,9.72,70.26,27.5,42.76,19.74
55,475.97,50.06,128.09,4.32,12.23,37.83,20.11,9.76,73.85,29.1,44.75,20.24
56,472.29,50.3,131.97,3.88,12.17,38.13,20.47,9.86,77.22,30.39,46.83,20.84
57,468.31,50.87,136.36,4.39,12.37,38.5,20.58,9.8,80.83,31.88,48.95,21.28
58,464.05,51.48,140.82,4.46,12.96,38.52,20.58,9.89,84.49,33.41,51.08,21.75
59,459.98,52.06,145.12,4.3,13.01,39.05,20.87,10.07,88.05,34.91,53.14,22.17
60,455.84,52.57,149.42,4.3,13.03,39.54,20.78,10.23,91.63,36.37,55.26,22.71
61,451.99,52.63,153.52,4.1,12.75,39.88,21.02,10.2,95.47,37.82,57.65,23.23
62,447.96,53.09,157.83,4.31,12.66,40.43,21.4,10.25,99.12,39.47,59.65,23.68
63,444.16,53.17,161.92,4.09,12.46,40.71,21.74,10.3,102.94,41.02,61.92,24.1
64,440.22,53.22,166.07,4.15,12.66,40.56,22.09,10.24,106.81,42.64,64.17,24.58
65,436.5,53.25,170.01,3.94,12.31,40.94,22.42,10.3,110.44,44.24,66.2,25.15
66,432.56,53.45,174.29,4.28,12.23,41.22,22.18,10.41,114.18,46.09,68.09,25.78
67,429.28,52.95,178.02,3.73,11.9,41.05,22.28,10.37,118.14,47.86,70.28,26.27
68,425.43,53.09,182.15,4.13,11.98,41.11,22.58,10.46,121.82,49.42,72.4,26.85
69,421.81,52.89,186.16,4.01,12.07,40.82,22.64,10.24,125.79,50.99,74.8,27.33
70,417.87,52.88,190.41,4.25,12.26,40.62,22.43,10.26,129.83,52.7,77.13,27.79
71,413.82,52.72,194.65,4.24,12.62,40.1,22.07,10.11,133.92,54.42,79.5,28.43
72,410.17,52.47,198.67,4.02,12.46,40.01,21.93,10.02,137.98,56.19,81.79,28.95
73,406.42,52.31,202.75,4.08,12.36,39.95,21.67,9.92,142.01,57.93,84.08,29.41
74,402.6,52.42,206.84,4.09,12.18,40.24,22.12,9.67,145.8,59.44,86.36,29.86
75,399.16,51.9,210.56,3.72,11.67,40.23,22.03,9.7,149.85,61.06,88.79,30.3
76,395.74,51.13,214.21,3.65,11.13,40.0,21.99,9.59,153.99,62.85,91.14,30.85
77,392.67,50.54,217.67,3.46,10.71,39.83,21.93,9.84,157.81,64.32,93.49,31.32
78,389.45,49.94,221.11,3.44,10.49,39.45,22.24,9.7,161.67,66.0,95.67,31.88
79,386.2,49.63,224.66,3.55,10.44,39.19,22.2,9.76,165.35,67.57,97.78,32.42
80,382.7,49.48,228.53,3.87,10.86,38.62,21.84,9.74,169.18,69.31,99.87,32.89
81,379.5,49.04,232.0,3.47,10.64,38.4,21.76,9.5,172.86,70.89,101.97,33.4
82,376.49,48.12,235.32,3.32,10.49,37.63,20.99,9.49,176.84,72.86,103.98,33.9
83,373.44,47.3,238.63,3.31,10.25,37.05,20.74,9.31,180.77,74.67,106.1,34.42
84,370.38,46.42,242.03,3.4,10.12,36.3,20.11,9.12,184.82,76.4,108.42,34.86
85,367.29,45.54,245.32,3.29,9.87,35.67,19.85,8.78,188.8,78.16,110.64,35.41
86,364.52,44.47,248.46,3.14,9.69,34.78,19.27,8.67,192.8,79.84,112.96,35.9
87,361.57,43.79,251.63,3.17,9.59,34.2,19.24,8.42,196.4,81.47,114.93,36.52
88,358.78,43.31,254.83,3.2,9.55,33.76,18.95,8.33,199.9,82.98,116.92,36.99
89,355.99,42.87,257.9,3.07,9.56,33.31,18.7,8.31,203.21,84.55,118.66,37.48
90,353.42,42.32,260.77,2.87,9.18,33.14,18.67,8.18,206.5,86.05,120.45,37.85
91,350.69,41.54,263.64,2.87,8.7,32.84,18.36,7.89,209.98,87.41,122.57,38.31
92,348.22,40.78,266.39,2.75,8.57,32.21,18.17,7.81,213.31,88.8,124.51,38.78
93,345.66,40.14,269.19,2.8,8.42,31.72,18.23,7.67,216.59,90.09,126.5,39.23
94,343.11,39.3,271.93,2.74,8.37,30.93,17.64,7.56,219.98,91.6,128.38,39.76
95,340.91,38.31,274.45,2.52,8.03,30.28,17.0,7.63,223.35,93.12,130.23,40.25
96,338.64,37.61,277.08,2.63,8.08,29.53,16.72,7.37,226.51,94.52,131.99,40.61
97,336.38,36.74,279.52,2.44,7.84,28.9,16.24,7.4,229.64,95.98,133.66,41.06
98,334.07,36.19,282.2,2.68,7.63,28.56,15.7,7.29,232.74,97.39,135.35,41.33
99,331.68,35.55,284.66,2.46,7.61,27.94,15.31,7.28,235.62,98.57,137.05,41.81
100,329.42,34.97,287.21,2.55,7.56,27.41,15.22,7.14,238.62,99.81,138.81,42.18
101,327.41,33.84,289.44,2.23,7.47,26.37,14.32,7.13,241.81,101.22,140.59,42.54
102,325.4,33.22,291.64,2.2,7.03,26.19,14.15,7.09,244.52,102.4,142.12,42.97
103,323.51,32.29,293.71,2.07,6.52,25.77,13.79,6.76,247.39,103.63,143.76,43.43
104,321.52,31.78,295.93,2.22,6.46,25.32,13.67,6.79,250.0,104.92,145.08,43.85
105,319.78,30.83,297.88,1.95,6.32,24.51,13.46,6.68,252.77,106.09,146.68,44.32
106,318.17,30.25,299.86,1.98,6.25,24.0,13.21,6.65,255.19,107.24,147.95,44.64
107,316.22,29.6,301.85,1.99,5.93,23.67,12.9,6.41,257.71,108.45,149.26,45.13
108,314.5,28.78,303.89,2.04,5.91,22.87,12.24,6.26,260.45,109.46,150.99,45.58
109,313.04,28.03,305.61,1.72,5.66,22.37,12.24,6.1,262.74,110.46,152.28,46.06
110,311.22,27.55,307.73,2.12,5.81,21.74,11.9,5.9,265.24,111.57,153.67,46.44
111,309.88,26.76,309.25,1.52,5.31,21.45,11.57,5.89,267.45,112.54,154.91,46.79
112,308.56,25.69,310.74,1.49,4.77,20.92,11.2,5.67,269.9,113.7,156.2,47.22
113,306.89,24.99,312.63,1.89,4.96,20.03,10.93,5.38,272.37,114.84,157.53,47.73
114,305.84,23.97,313.95,1.32,4.77,19.2,10.75,5.24,274.55,115.82,158.73,48.26
115,304.65,23.34,315.49,1.54,4.59,18.75,10.41,5.12,276.56,116.71,159.85,48.74
116,303.41,22.93,317.08,1.59,4.53,18.4,10.18,4.86,278.49,117.56,160.93,49.04
117,302.13,22.1,318.51,1.43,4.34,17.76,9.83,4.66,280.63,118.45,162.18,49.42
118,301.02,21.32,319.82,1.31,4.34,16.98,9.5,4.55,282.59,119.38,163.21,49.8
119,299.81,20.83,321.31,1.49,4.37,16.46,9.34,4.36,284.46,120.27,164.19,50.1
120,298.79,20.09,322.48,1.17,4.0,16.09,8.94,4.17,286.22,121.05,165.17,50.53
121,297.92,19.21,323.6,1.12,3.72,15.49,8.52,4.04,288.15,121.93,166.22,50.86
122,296.92,18.35,324.74,1.14,3.5,14.85,8.29,3.8,290.07,122.8,167.27,51.24
123,295.86,17.9,325.95,1.21,3.44,14.46,8.02,3.81,291.66,123.54,168.12,51.67
124,295.06,17.45,327.03,1.08,3.41,14.04,7.85,3.81,293.11,124.11,169.0,51.99
125,294.38,16.61,327.84,0.81,3.06,13.55,7.61,3.67,294.71,124.82,169.89,52.4
126,293.56,16.05,328.86,1.02,2.94,13.11,7.33,3.48,296.25,125.55,170.7,52.73
127,292.87,15.33,329.74,0.88,2.69,12.64,7.03,3.34,297.8,126.3,171.5,52.99
128,291.76,15.15,330.86,1.12,2.88,12.27,6.91,3.3,299.05,126.92,172.13,53.44
129,291.0,14.72,331.9,1.04,3.06,11.66,6.64,3.23,300.45,127.68,172.77,53.79
130,290.3,14.01,332.73,0.83,2.9,11.11,6.09,3.17,301.93,128.48,173.45,54.14
131,289.54,13.58,333.7,0.97,2.82,10.76,5.83,2.89,303.28,129.06,174.22,54.42
132,288.65,13.17,334.67,0.97,2.92,10.25,5.57,2.76,304.56,129.5,175.06,54.84
133,288.22,12.64,335.4,0.73,2.69,9.95,5.42,2.7,305.78,129.97,175.81,55.11
134,287.53,12.37,336.21,0.81,2.42,9.95,5.32,2.6,306.84,130.37,176.47,55.42
135,286.93,11.97,336.95,0.74,2.21,9.76,5.22,2.53,307.94,130.87,177.07,55.75
136,286.3,11.68,337.78,0.83,2.35,9.33,5.22,2.49,309.03,131.26,177.77,55.97
137,285.6,11.32,338.55,0.77,2.31,9.01,5.13,2.4,310.1,131.69,178.41,56.32
138,285.28,10.96,339.12,0.57,2.18,8.78,4.94,2.35,310.99,132.05,178.94,56.53
139,284.66,10.65,339.75,0.63,1.97,8.68,4.83,2.32,311.83,132.41,179.42,56.88
140,284.15,10.35,340.42,0.67,1.87,8.48,4.66,2.21,312.74,132.81,179.93,57.31
141,283.68,10.01,341.15,0.73,1.98,8.03,4.51,2.13,313.75,133.3,180.45,57.67
142,283.27,9.74,341.75,0.6,1.98,7.76,4.42,2.12,314.57,133.75,180.82,58.0
143,282.81,9.45,342.4,0.65,2.04,7.41,4.21,2.01,315.44,134.19,181.25,58.39
144,282.46,8.95,342.96,0.56,1.84,7.11,3.94,1.82,316.46,134.68,181.78,58.69
145,281.96,8.7,343.6,0.64,1.71,6.99,3.68,1.78,317.32,135.05,182.27,59.05
146,281.66,8.51,344.11,0.51,1.72,6.79,3.72,1.81,317.98,135.44,182.54,59.37
147,281.26,8.26,344.65,0.54,1.66,6.6,3.73,1.78,318.73,135.8,182.93,59.79
148,281.02,7.98,345.05,0.4,1.49,6.49,3.58,1.74,319.39,136.09,183.3,60.2
149,280.87,7.51,345.46,0.41,1.24,6.27,3.3,1.74,320.22,136.37,183.85,60.5
150,280.59,7.19,345.89,0.43,1.23,5.96,3.14,1.72,320.93,136.71,184.22,60.78
151,280.28,6.98,346.3,0.41,1.27,5.71,3.18,1.72,321.53,136.92,184.61,61.07
152,279.91,6.79,346.71,0.41,1.3,5.49,3.02,1.72,322.11,137.18,184.93,61.45
153,279.76,6.58,347.08,0.37,1.17,5.41,2.96,1.57,322.67,137.46,185.21,61.73
154,279.51,6.16,347.42,0.34,1.16,5.0,2.77,1.38,323.39,137.78,185.61,62.07
155,279.25,5.85,347.83,0.41,1.07,4.78,2.65,1.28,324.09,138.1,185.99,62.36
156,279.02,5.72,348.21,0.38,1.17,4.55,2.52,1.25,324.57,138.32,186.25,62.66
157,278.84,5.47,348.55,0.34,1.18,4.29,2.54,1.14,325.15,138.62,186.53,62.92
158,278.54,5.24,348.92,0.37,1.11,4.13,2.36,1.01,325.69,138.88,186.81,63.26
159,278.41,4.86,349.2,0.28,1.01,3.85,2.12,0.92,326.3,139.16,187.14,63.61
160,278.33,4.68,349.45,0.25,0.91,3.77,2.16,0.88,326.71,139.37,187.34,63.93
161,278.25,4.55,349.68,0.23,0.85,3.7,2.11,0.95,327.05,139.51,187.54,64.24
162,278.19,4.42,349.92,0.24,0.76,3.66,2.07,0.97,327.41,139.64,187.77,64.53
163,278.13,4.17,350.16,0.24,0.72,3.45,1.93,0.91,327.9,139.88,188.02,64.77
164,278.01,4.04,350.37,0.21,0.68,3.36,2.01,0.82,328.23,140.06,188.17,64.99
165,277.9,3.72,350.54,0.17,0.61,3.11,1.86,0.76,328.7,140.29,188.41,65.33
166,278.0,3.57,350.69,0.15,0.55,3.02,1.75,0.82,328.97,140.41,188.56,65.61
167,277.85,3.49,350.97,0.28,0.63,2.86,1.67,0.78,329.3,140.58,188.72,65.9
168,277.79,3.23,351.14,0.17,0.58,2.65,1.55,0.68,329.7,140.79,188.91,66.2
169,277.67,3.11,351.39,0.25,0.67,2.44,1.46,0.6,330.05,140.87,189.18,66.57
170,277.66,3.0,351.62,0.23,0.67,2.33,1.39,0.55,330.39,141.03,189.36,66.84
171,277.59,2.87,351.8,0.18,0.61,2.26,1.27,0.53,330.68,141.15,189.53,67.16
172,277.47,2.76,352.0,0.2,0.64,2.12,1.2,0.52,330.98,141.33,189.65,67.59
173,277.57,2.73,352.22,0.22,0.6,2.13,1.2,0.5,331.22,141.42,189.8,67.86
174,277.48,2.67,352.43,0.21,0.67,2.0,1.17,0.43,331.47,141.52,189.95,68.16
175,277.45,2.59,352.58,0.15,0.53,2.06,1.19,0.44,331.68,141.58,190.1,68.47
176,277.43,2.51,352.72,0.14,0.47,2.04,1.1,0.45,331.89,141.66,190.23,68.88
177,277.53,2.41,352.81,0.09,0.41,2.0,1.14,0.51,332.07,141.74,190.33,69.27
178,277.57,2.39,353.01,0.2,0.43,1.96,1.13,0.5,332.27,141.83,190.44,69.57
179,277.5,2.43,353.21,0.2,0.51,1.92,1.13,0.49,332.42,141.92,190.5,69.83
