Day,Susceptible,Infected,Cumulative Infected,Daily Infected,Incubating,Transmitting,Symptomatic,Asymptomatic,Recovered,Residents Recovered,Staff Recovered,Dead
0,592.17,7.48,7.48,7.48,7.48,0.0,0.0,0.0,0.0,0.0,0.0,0.35
1,590.61,9.07,9.07,1.59,9.07,0.0,0.0,0.0,0.0,0.0,0.0,0.67
2,589.03,10.74,10.74,1.67,8.55,2.19,0.0,0.0,0.0,0.0,0.0,0.9
3,587.02,12.57,12.57,1.83,7.19,5.38,0.0,0.0,0.0,0.0,0.0,1.31
4,584.29,15.32,15.32,2.75,6.23,9.09,1.22,0.97,0.0,0.0,0.0,1.7
5,581.33,18.35,18.35,3.03,7.56,10.79,3.08,2.3,0.0,0.0,0.0,2.02
6,577.8,21.91,21.91,3.56,9.26,12.65,5.24,3.85,0.0,0.0,0.0,2.31
7,573.96,25.59,25.61,3.7,10.4,15.19,6.42,4.37,0.0,0.0,0.0,2.76
8,569.87,29.82,29.84,4.23,11.33,18.49,7.6,5.05,0.0,0.0,0.0,3.07
9,565.31,34.41,34.44,4.6,12.55,21.86,9.23,5.96,0.0,0.0,0.0,3.35
10,559.66,39.97,40.06,5.62,14.37,25.6,11.28,7.17,0.0,0.0,0.0,3.72
11,554.03,45.67,45.78,5.72,16.03,29.64,13.65,8.14,0.0,0.0,0.0,4.02
12,547.6,49.79,52.17,6.39,17.51,32.28,14.88,8.43,2.19,0.0,2.19,4.44
13,541.15,52.93,58.62,6.45,18.97,33.96,15.72,8.34,5.38,0.0,5.38,4.98
14,535.21,55.32,64.84,6.22,19.15,36.17,16.77,8.4,9.09,0.0,9.09,5.36
15,528.98,59.82,71.18,6.34,18.89,40.93,18.89,9.42,10.77,0.08,10.69,5.79
16,521.79,65.12,78.42,7.24,20.15,44.97,21.61,10.78,12.61,0.3,12.31,6.27
17,514.77,69.73,85.7,7.28,21.03,48.7,24.29,12.05,15.05,0.83,14.22,6.72
18,507.31,73.91,93.33,7.63,22.22,51.69,26.05,12.82,18.28,1.9,16.38,7.23
19,499.5,78.66,101.48,8.15,23.47,55.19,27.91,13.94,21.46,3.06,18.4,7.62
20,490.72,83.51,110.25,8.77,24.66,58.85,29.58,14.81,25.05,4.51,20.54,8.35
21,482.44,88.05,118.96,8.71,25.7,62.35,31.21,15.91,28.97,5.9,23.07,8.9
22,474.1,91.68,127.65,8.69,26.47,65.21,32.85,16.81,33.63,7.63,26.0,9.5
23,464.95,96.27,137.17,9.52,27.26,69.01,34.81,17.6,38.36,9.24,29.12,9.93
24,455.42,99.7,146.75,9.58,27.8,71.9,36.01,18.13,44.18,11.56,32.62,10.66
25,446.36,102.53,156.26,9.51,28.53,74.0,37.51,18.7,50.46,14.04,36.42,11.35
26,437.25,106.15,165.83,9.57,28.93,77.22,39.68,19.64,56.05,16.23,39.82,11.95
27,427.79,109.52,175.7,9.87,28.99,80.53,41.44,20.14,62.15,18.66,43.49,12.56
28,418.09,112.93,185.72,10.02,29.63,83.3,43.31,20.81,68.33,20.67,47.66,13.29
29,408.79,115.68,195.43,9.71,29.68,86.0,45.28,21.7,74.91,22.99,51.92,14.01
30,398.58,118.8,206.15,10.72,30.5,88.3,46.59,22.17,82.14,25.31,56.83,14.62
31,389.24,120.74,215.88,9.73,30.51,90.23,47.83,22.81,89.44,28.15,61.29,15.35
32,380.08,122.51,225.53,9.65,30.09,92.42,49.36,23.3,96.95,30.89,66.06,15.96
33,371.01,123.14,235.01,9.48,29.45,93.69,49.75,23.79,105.23,33.87,71.36,16.76
34,362.1,123.61,244.5,9.49,29.03,94.58,50.71,23.89,113.88,37.26,76.62,17.37
35,353.47,123.91,253.51,9.01,28.19,95.72,51.78,24.25,122.15,40.62,81.53,18.09
36,345.12,123.51,262.44,8.93,27.78,95.73,52.11,24.46,130.91,44.09,86.82,18.83
37,336.85,122.38,271.31,8.87,27.09,95.29,51.95,24.48,140.29,47.75,92.54,19.64
38,328.79,121.66,279.94,8.63,26.37,95.29,52.21,24.2,149.16,51.58,97.58,20.38
39,320.56,120.83,288.71,8.77,26.86,93.97,52.13,24.22,158.25,55.11,103.14,21.17
40,313.36,118.8,296.54,7.83,25.84,92.96,51.82,24.03,167.68,59.02,108.66,21.81
41,305.09,118.0,305.35,8.81,25.58,92.42,51.28,23.25,176.95,62.67,114.28,22.3
42,297.72,115.55,312.98,7.63,24.76,90.79,50.27,23.03,186.51,66.76,119.75,23.08
43,290.79,112.99,320.52,7.54,23.66,89.33,49.57,22.69,196.08,70.85,125.23,23.8
44,284.44,110.11,327.47,6.95,22.83,87.28,48.49,22.39,205.45,74.68,130.77,24.41
45,278.18,106.96,334.25,6.78,21.47,85.49,47.93,21.67,214.79,78.54,136.25,25.14
46,272.47,103.93,340.56,6.31,20.2,83.73,46.6,21.44,223.71,82.57,141.14,25.77
47,266.41,101.01,347.04,6.48,19.79,81.22,45.97,20.8,232.7,86.64,146.06,26.46
48,260.96,97.59,352.99,5.95,19.17,78.42,44.55,20.42,241.62,90.69,150.93,27.21
49,255.61,95.26,358.99,6.0,18.57,76.69,43.44,20.09,249.51,94.34,155.17,27.82
50,250.61,91.81,364.44,5.45,18.06,73.75,42.05,19.15,257.99,97.77,160.22,28.49
51,246.05,87.86,369.55,5.11,16.69,71.17,40.23,18.52,266.56,101.64,164.92,29.2
52,241.46,84.67,374.66,5.11,16.11,68.56,38.99,17.41,274.51,105.02,169.49,29.85
53,237.5,80.62,379.12,4.46,14.9,65.72,37.63,16.73,282.64,108.68,173.96,30.43
54,233.76,77.07,383.34,4.22,13.84,63.23,36.13,16.15,290.04,111.83,178.21,30.99
55,229.92,73.28,387.66,4.32,13.29,59.99,34.27,15.57,297.72,115.32,182.4,31.58
56,226.46,69.83,391.57,3.91,12.97,56.86,33.14,14.62,304.85,118.5,186.35,32.02
57,223.08,66.61,395.28,3.71,12.06,54.55,31.63,14.08,311.4,121.32,190.08,32.6
58,220.29,63.25,398.49,3.21,11.23,52.02,29.95,13.44,317.71,124.19,193.52,33.11
59,217.35,60.1,401.71,3.22,10.52,49.58,28.84,12.79,323.84,127.01,196.83,33.7
60,215.0,57.07,404.54,2.83,9.67,47.4,27.4,12.4,329.38,129.67,199.71,34.31
61,212.81,53.29,407.22,2.68,9.03,44.26,25.61,11.67,335.54,132.65,202.89,34.85
62,210.5,50.26,409.93,2.71,8.47,41.79,24.33,10.92,340.96,135.02,205.94,35.44
63,208.44,47.22,412.44,2.51,8.07,39.15,22.77,10.24,346.34,137.48,208.86,35.83
64,206.13,44.44,414.99,2.55,7.93,36.51,21.16,9.76,351.39,139.85,211.54,36.36
65,204.5,41.63,417.08,2.09,7.41,34.22,19.78,9.15,356.01,141.96,214.05,36.87
66,203.04,39.3,418.97,1.89,6.58,32.72,18.64,8.76,360.02,143.8,216.22,37.32
67,201.32,36.89,421.05,2.08,6.34,30.55,17.37,8.16,364.39,145.77,218.62,37.59
68,199.57,34.8,422.9,1.85,6.01,28.79,16.41,7.89,368.23,147.58,220.65,38.04
69,197.94,32.81,424.86,1.96,5.85,26.96,15.04,7.63,371.97,149.29,222.68,38.51
70,196.49,30.97,426.61,1.75,5.57,25.4,14.13,7.13,375.34,150.78,224.56,39.01
71,195.31,29.15,428.12,1.51,5.28,23.87,13.4,6.65,378.52,152.32,226.2,39.52
72,194.15,27.51,429.64,1.52,4.91,22.6,12.76,6.16,381.56,153.75,227.81,39.91
73,192.92,26.12,431.13,1.49,4.6,21.52,12.18,5.67,384.33,155.06,229.27,40.29
74,191.82,24.81,432.5,1.37,4.41,20.4,11.62,5.43,386.88,156.15,230.73,40.67
75,191.14,23.13,433.46,0.96,3.86,19.27,11.08,5.12,389.39,157.3,232.09,40.99
76,190.13,21.76,434.71,1.25,3.54,18.22,10.55,4.6,391.87,158.39,233.48,41.37
77,189.23,20.67,435.85,1.14,3.52,17.15,10.1,4.33,394.01,159.47,234.54,41.76
78,188.18,19.7,437.07,1.22,3.54,16.16,9.62,4.18,396.08,160.21,235.87,42.32
79,187.71,18.52,437.99,0.92,3.26,15.26,8.88,3.98,398.07,161.17,236.9,42.67
80,186.97,17.39,438.88,0.89,3.08,14.31,8.21,3.83,399.98,161.92,238.06,43.15
81,186.4,16.55,439.84,0.96,2.89,13.66,7.76,3.68,401.62,162.72,238.9,43.58
82,185.68,15.64,440.83,0.99,2.87,12.77,7.21,3.41,403.42,163.6,239.82,43.96
83,185.14,14.62,441.66,0.83,2.75,11.87,6.67,3.25,405.11,164.33,240.78,44.35
84,184.61,14.0,442.5,0.84,2.68,11.32,6.37,3.09,406.53,165.1,241.43,44.66
85,183.94,13.36,443.31,0.81,2.52,10.84,6.13,2.83,407.95,165.67,242.28,45.01
86,183.46,12.6,444.01,0.7,2.4,10.2,5.75,2.66,409.38,166.25,243.13,45.35
87,182.85,12.3,444.83,0.82,2.41,9.89,5.66,2.6,410.45,166.67,243.78,45.71
88,182.28,11.9,445.6,0.77,2.42,9.48,5.46,2.45,411.58,167.2,244.38,45.98
89,181.62,11.52,446.41,0.81,2.39,9.13,5.16,2.37,412.71,167.66,245.05,46.37
90,181.0,11.32,447.32,0.91,2.53,8.79,4.89,2.29,413.76,168.12,245.64,46.63
91,180.47,10.85,447.98,0.66,2.49,8.36,4.67,2.22,414.84,168.61,246.23,46.97
92,180.21,10.31,448.46,0.48,2.09,8.22,4.47,2.17,415.83,169.04,246.79,47.3
93,179.73,10.04,449.17,0.71,2.0,8.04,4.23,2.13,416.75,169.45,247.3,47.59
94,179.2,9.83,449.88,0.71,2.03,7.8,4.26,2.06,417.62,169.87,247.75,47.97
95,178.91,9.47,450.5,0.62,2.03,7.44,4.05,2.09,418.56,170.29,248.27,48.2
96,178.47,9.2,451.06,0.56,2.11,7.09,3.99,2.0,419.32,170.66,248.66,48.54
97,178.22,8.84,451.49,0.43,1.71,7.13,3.86,1.96,420.04,170.98,249.06,48.9
98,177.81,8.75,452.12,0.63,1.71,7.04,3.68,1.9,420.74,171.2,249.54,49.17
99,177.45,8.5,452.64,0.52,1.7,6.8,3.64,2.0,421.49,171.44,250.05,49.54
100,177.17,8.25,453.16,0.52,1.59,6.66,3.56,1.95,422.22,171.72,250.5,49.85
101,176.87,8.04,453.65,0.49,1.63,6.41,3.52,1.82,422.89,171.98,250.91,50.1
102,176.36,7.81,454.26,0.61,1.59,6.22,3.34,1.78,423.73,172.27,251.46,50.41
103,175.9,7.61,454.86,0.6,1.79,5.82,3.2,1.57,424.5,172.57,251.93,50.82
104,175.65,7.46,455.41,0.55,1.73,5.73,3.08,1.64,425.15,172.83,252.32,51.1
105,175.19,7.35,455.94,0.53,1.83,5.52,2.96,1.52,425.76,173.16,252.6,51.5
106,174.86,7.45,456.55,0.61,1.62,5.83,3.03,1.55,426.23,173.37,252.86,51.84
107,174.59,7.11,457.05,0.5,1.61,5.5,2.79,1.38,427.01,173.7,253.31,52.25
108,174.45,6.92,457.46,0.41,1.57,5.35,2.8,1.59,427.61,173.89,253.72,52.59
109,174.32,6.79,457.87,0.41,1.44,5.35,2.75,1.61,428.11,174.12,253.99,52.82
110,173.96,6.67,458.36,0.49,1.37,5.3,2.62,1.58,428.68,174.36,254.32,53.12
111,173.51,6.76,458.9,0.54,1.45,5.31,2.67,1.62,429.11,174.51,254.6,53.57
112,173.39,6.55,459.34,0.44,1.47,5.08,2.69,1.51,429.74,174.74,255.0,53.82
113,173.0,6.68,459.88,0.54,1.61,5.07,2.66,1.59,430.12,174.89,255.23,54.08
114,172.73,6.47,460.28,0.4,1.52,4.95,2.54,1.52,430.71,175.08,255.63,54.4
115,172.51,6.45,460.7,0.42,1.33,5.12,2.53,1.49,431.13,175.23,255.9,54.72
116,172.2,6.17,461.21,0.51,1.42,4.75,2.44,1.28,431.89,175.47,256.42,55.1
117,172.1,6.06,461.57,0.36,1.29,4.77,2.51,1.35,432.35,175.62,256.73,55.37
118,171.82,6.07,462.03,0.46,1.24,4.83,2.52,1.31,432.78,175.75,257.03,55.62
119,171.52,5.95,462.46,0.43,1.26,4.69,2.54,1.23,433.31,175.94,257.37,55.93
120,171.31,5.73,462.82,0.36,1.21,4.52,2.43,1.27,433.84,176.11,257.73,56.27
121,171.3,5.52,463.09,0.27,1.03,4.49,2.48,1.15,434.3,176.25,258.05,56.57
122,171.01,5.57,463.55,0.46,1.08,4.49,2.45,1.18,434.69,176.4,258.29,56.84
123,170.77,5.49,463.87,0.32,1.01,4.48,2.52,1.16,435.08,176.57,258.51,57.16
124,170.47,5.46,464.34,0.47,1.14,4.32,2.45,1.14,435.54,176.7,258.84,57.52
125,170.29,5.19,464.74,0.4,1.23,3.96,2.27,1.04,436.13,176.94,259.19,57.91
126,170.18,5.14,465.1,0.36,1.2,3.94,2.25,0.99,436.52,177.1,259.42,58.23
127,170.04,5.05,465.44,0.34,1.13,3.92,2.14,0.98,436.95,177.25,259.7,58.51
128,169.86,4.89,465.78,0.34,0.98,3.91,2.14,0.88,437.41,177.36,260.05,58.82
129,169.68,4.88,466.15,0.37,0.99,3.89,2.01,1.04,437.79,177.52,260.27,59.07
130,169.35,4.92,466.62,0.47,1.15,3.77,2.06,1.04,438.2,177.64,260.56,59.33
131,168.88,4.99,467.11,0.49,1.33,3.66,2.0,1.04,438.62,177.74,260.88,59.82
132,168.93,4.93,467.44,0.33,1.3,3.63,1.93,1.03,439.0,177.93,261.07,60.08
133,168.65,4.92,467.84,0.4,1.25,3.67,1.9,0.96,439.38,178.07,261.31,60.44
134,168.52,4.94,468.21,0.37,1.15,3.79,1.86,1.01,439.71,178.2,261.51,60.68
135,168.45,4.86,468.44,0.23,0.99,3.87,1.95,1.06,440.0,178.32,261.68,60.9
136,168.33,4.76,468.72,0.28,0.9,3.86,2.01,1.09,440.38,178.44,261.94,61.06
137,167.95,4.71,469.11,0.39,0.95,3.76,2.07,0.98,440.79,178.51,262.28,61.51
138,167.86,4.56,469.44,0.33,0.95,3.61,1.99,0.95,441.25,178.63,262.62,61.89
139,167.78,4.46,469.73,0.29,0.98,3.48,1.96,0.93,441.6,178.72,262.88,62.37
140,167.81,4.47,470.06,0.33,1.04,3.43,1.95,0.95,441.91,178.83,263.08,62.69
141,167.7,4.46,470.36,0.3,0.91,3.55,1.87,0.99,442.2,178.98,263.22,62.98
142,167.39,4.43,470.71,0.35,1.04,3.39,1.81,0.94,442.54,179.09,263.45,63.39
143,167.29,4.36,471.08,0.37,1.08,3.28,1.84,0.89,442.96,179.24,263.72,63.75
144,167.29,4.17,471.36,0.28,0.92,3.25,1.62,0.86,443.41,179.44,263.97,64.07
145,167.07,4.12,471.66,0.3,0.93,3.19,1.57,0.89,443.75,179.52,264.23,64.42
146,166.9,4.06,471.97,0.31,0.92,3.14,1.7,0.83,444.09,179.63,264.46,64.94
147,166.91,4.11,472.34,0.37,1.05,3.06,1.7,0.8,444.4,179.7,264.7,65.21
148,166.79,4.05,472.61,0.27,0.98,3.07,1.73,0.76,444.71,179.8,264.91,65.51
149,166.63,4.08,472.92,0.31,0.94,3.14,1.73,0.72,444.96,179.89,265.07,65.86
150,166.5,4.08,473.24,0.32,0.94,3.14,1.71,0.78,445.22,179.97,265.25,66.2
151,166.43,3.98,473.54,0.3,0.9,3.08,1.6,0.83,445.61,180.17,265.44,66.5
152,166.21,4.09,473.86,0.32,0.97,3.12,1.72,0.81,445.81,180.24,265.57,66.83
153,166.12,4.1,474.17,0.31,0.9,3.2,1.8,0.77,446.11,180.38,265.73,67.06
154,165.99,3.95,474.46,0.29,0.87,3.08,1.6,0.78,446.53,180.57,265.96,67.32
155,165.69,4.09,474.88,0.42,1.02,3.07,1.6,0.88,446.81,180.67,266.14,67.55
156,165.6,3.97,475.09,0.21,0.93,3.04,1.63,0.84,447.13,180.79,266.34,67.8
157,165.36,4.12,475.5,0.41,1.04,3.08,1.61,0.87,447.36,180.87,266.49,68.07
158,165.11,4.17,475.89,0.39,1.17,3.0,1.57,0.87,447.68,180.96,266.72,68.36
159,164.9,4.2,476.26,0.37,1.1,3.1,1.56,0.84,448.02,181.06,266.96,68.61
160,164.66,4.23,476.59,0.33,1.14,3.09,1.5,0.86,448.31,181.15,267.16,69.01
161,164.67,4.13,476.82,0.23,0.93,3.2,1.47,1.0,448.63,181.24,267.39,69.33
162,164.53,4.17,477.12,0.3,0.91,3.26,1.48,1.02,448.87,181.33,267.54,69.67
163,164.52,4.04,477.37,0.25,0.85,3.19,1.61,0.95,449.24,181.41,267.83,69.96
164,164.43,3.98,477.62,0.25,0.83,3.15,1.53,1.04,449.54,181.53,268.01,70.27
165,164.34,4.03,477.93,0.31,0.9,3.13,1.52,1.1,449.79,181.65,268.14,70.67
166,164.27,4.03,478.23,0.3,0.87,3.16,1.53,1.06,450.08,181.76,268.32,70.98
167,164.26,3.97,478.49,0.26,0.86,3.11,1.51,1.0,450.38,181.84,268.54,71.23
168,164.12,4.01,478.79,0.3,0.85,3.16,1.54,1.04,450.62,181.93,268.69,71.41
169,163.93,3.84,479.06,0.27,0.81,3.03,1.52,0.89,451.05,182.09,268.96,71.69
170,163.77,3.84,479.36,0.3,0.84,3.0,1.52,0.9,451.32,182.17,269.15,72.05
171,163.68,3.76,479.69,0.33,0.92,2.84,1.41,0.91,451.72,182.34,269.38,72.33
172,163.55,3.72,479.98,0.29,0.93,2.79,1.43,0.83,452.04,182.41,269.63,72.64
173,163.43,3.69,480.25,0.27,0.93,2.76,1.46,0.75,452.32,182.54,269.78,72.99
174,163.33,3.7,480.52,0.27,0.87,2.83,1.5,0.73,452.57,182.64,269.93,73.33
175,163.35,3.7,480.77,0.25,0.81,2.89,1.54,0.72,452.81,182.72,270.09,73.59
176,163.16,3.71,481.12,0.35,0.89,2.82,1.59,0.66,453.12,182.82,270.3,73.83
177,162.9,3.78,481.46,0.34,0.92,2.86,1.58,0.7,453.39,182.91,270.48,74.12
178,162.8,3.71,481.7,0.24,0.89,2.82,1.59,0.65,453.69,182.99,270.7,74.46
179,162.75,3.72,482.04,0.34,0.94,2.78,1.63,0.59,453.99,183.04,270.95,74.66
