Day,Susceptible,Infected,Cumulative Infected,Daily Infected,Incubating,Transmitting,Symptomatic,Asymptomatic,Recovered,Residents Recovered,Staff Recovered,Dead
0,597.65,1.97,1.97,1.97,1.97,0.0,0.0,0.0,0.0,0.0,0.0,0.38
1,597.68,1.97,1.97,0.0,1.97,0.0,0.0,0.0,0.0,0.0,0.0,0.73
2,597.66,1.97,1.97,0.0,1.48,0.49,0.0,0.0,0.0,0.0,0.0,1.1
3,597.65,2.07,2.07,0.1,0.78,1.29,0.0,0.0,0.0,0.0,0.0,1.38
4,597.46,2.28,2.28,0.21,0.31,1.97,0.28,0.21,0.0,0.0,0.0,1.64
5,597.05,2.63,2.63,0.35,0.65,1.98,0.77,0.52,0.0,0.0,0.0,1.96
6,596.67,2.97,2.97,0.34,0.9,2.07,1.21,0.76,0.0,0.0,0.0,2.32
7,596.5,3.26,3.26,0.29,0.93,2.33,1.22,0.76,0.0,0.0,0.0,2.56
8,595.94,3.65,3.65,0.39,1.13,2.52,1.29,0.78,0.0,0.0,0.0,2.97
9,595.5,4.17,4.17,0.52,1.25,2.92,1.49,0.84,0.0,0.0,0.0,3.3
10,595.03,4.7,4.7,0.53,1.49,3.21,1.65,0.87,0.0,0.0,0.0,3.57
11,594.44,5.22,5.24,0.54,1.65,3.57,1.91,0.99,0.0,0.0,0.0,3.91
12,593.91,5.35,5.86,0.62,1.73,3.62,1.82,0.88,0.49,0.0,0.49,4.16
13,593.3,5.11,6.42,0.56,1.78,3.33,1.55,0.73,1.29,0.0,1.29,4.46
14,592.88,4.9,6.9,0.48,1.57,3.33,1.44,0.69,1.97,0.0,1.97,4.71
15,592.37,5.31,7.35,0.45,1.41,3.9,1.73,0.87,1.98,0.01,1.97,5.05
16,591.94,5.75,7.9,0.55,1.55,4.2,2.13,1.05,2.06,0.05,2.01,5.3
17,591.41,6.03,8.45,0.55,1.64,4.39,2.3,1.22,2.31,0.19,2.12,5.55
18,590.74,6.46,9.12,0.67,1.73,4.73,2.35,1.34,2.49,0.3,2.19,5.86
19,590.1,6.8,9.84,0.72,1.95,4.85,2.39,1.38,2.85,0.5,2.35,6.11
20,589.33,7.21,10.55,0.71,2.07,5.14,2.51,1.54,3.11,0.6,2.51,6.46
21,588.66,7.49,11.24,0.69,2.07,5.42,2.68,1.46,3.47,0.78,2.69,6.84
22,588.13,7.69,11.95,0.71,2.17,5.52,2.68,1.54,3.97,1.08,2.89,7.05
23,587.17,8.1,12.85,0.9,2.4,5.7,2.86,1.56,4.44,1.29,3.15,7.34
24,586.24,8.38,13.76,0.91,2.57,5.81,2.83,1.57,5.07,1.61,3.46,7.65
25,585.41,8.67,14.66,0.9,2.76,5.91,2.97,1.49,5.66,1.91,3.75,7.91
26,584.65,8.9,15.34,0.68,2.57,6.33,3.15,1.6,6.07,2.13,3.94,8.29
27,583.82,9.42,16.3,0.96,2.58,6.84,3.42,1.6,6.49,2.29,4.2,8.56
28,582.84,9.71,17.22,0.92,2.69,7.02,3.62,1.65,7.07,2.5,4.57,8.94
29,581.99,10.16,18.19,0.97,2.7,7.46,3.87,1.83,7.56,2.67,4.89,9.23
30,580.81,10.65,19.3,1.11,3.02,7.63,4.09,1.8,8.13,2.84,5.29,9.64
31,579.81,10.97,20.3,1.0,3.15,7.82,4.25,1.92,8.77,3.09,5.68,10.09
32,579.02,11.34,21.27,0.97,3.21,8.13,4.36,1.99,9.34,3.29,6.05,10.39
33,577.92,11.7,22.31,1.04,3.09,8.61,4.5,2.04,9.98,3.51,6.47,10.8
34,576.83,12.22,23.57,1.26,3.34,8.88,4.67,2.05,10.67,3.82,6.85,11.09
35,575.7,12.66,24.71,1.14,3.45,9.21,4.97,2.21,11.32,4.02,7.3,11.42
36,574.53,13.09,26.0,1.29,3.84,9.25,5.13,2.19,12.18,4.43,7.75,11.63
37,573.36,13.25,27.16,1.16,3.78,9.47,5.01,2.34,13.09,4.77,8.32,11.95
38,572.31,13.54,28.28,1.12,3.57,9.97,5.05,2.37,13.89,5.06,8.83,12.23
39,570.96,13.83,29.55,1.27,3.58,10.25,5.31,2.35,14.8,5.47,9.33,12.66
40,569.86,14.32,30.82,1.27,3.74,10.58,5.61,2.6,15.55,5.84,9.71,12.95
41,568.59,14.78,32.13,1.31,3.83,10.95,5.74,2.88,16.37,6.25,10.12,13.24
42,567.41,15.07,33.36,1.23,3.75,11.32,5.87,2.92,17.25,6.59,10.66,13.54
43,566.1,15.13,34.58,1.22,3.75,11.38,5.94,2.91,18.33,7.03,11.3,14.01
44,564.98,15.45,35.88,1.3,3.93,11.52,6.16,3.02,19.28,7.39,11.89,14.33
45,563.62,15.79,37.28,1.4,4.14,11.65,6.38,2.96,20.29,7.8,12.49,14.66
46,562.48,16.01,38.49,1.21,3.99,12.02,6.44,3.03,21.14,8.16,12.98,15.08
47,561.21,16.25,39.92,1.43,4.06,12.19,6.4,3.07,22.29,8.65,13.64,15.4
48,559.74,16.34,41.35,1.43,4.08,12.26,6.57,2.92,23.56,9.13,14.43,15.84
49,558.33,16.62,42.92,1.57,4.44,12.18,6.77,2.81,24.76,9.59,15.17,16.23
50,557.27,16.65,44.06,1.14,4.08,12.57,7.03,2.86,25.79,10.02,15.77,16.62
51,556.03,16.75,45.4,1.34,4.03,12.72,6.96,2.88,26.95,10.55,16.4,17.0
52,555.04,16.55,46.47,1.07,3.7,12.85,7.23,2.84,28.15,11.02,17.13,17.37
53,553.85,16.56,47.75,1.28,3.75,12.81,7.32,2.86,29.33,11.54,17.79,17.77
54,552.71,16.69,49.03,1.28,3.8,12.89,7.45,2.98,30.42,11.95,18.47,18.12
55,551.33,16.83,50.41,1.38,3.94,12.89,7.38,3.04,31.54,12.44,19.1,18.62
56,550.04,17.0,51.85,1.44,4.19,12.81,7.32,3.06,32.79,12.98,19.81,19.01
57,548.67,17.13,53.35,1.5,4.33,12.8,7.18,3.07,34.08,13.6,20.48,19.35
58,547.48,16.97,54.59,1.24,4.33,12.64,6.96,3.08,35.38,14.14,21.24,19.75
59,546.3,17.06,55.88,1.29,4.13,12.93,7.06,3.14,36.5,14.66,21.84,20.14
60,545.32,16.64,56.98,1.1,3.84,12.8,6.77,3.15,37.94,15.27,22.67,20.5
61,544.1,16.54,58.32,1.34,3.86,12.68,6.68,3.29,39.27,15.78,23.49,20.86
62,543.16,16.26,59.43,1.11,3.72,12.54,6.78,3.2,40.57,16.38,24.19,21.15
63,541.97,16.21,60.57,1.14,3.62,12.59,6.94,3.17,41.72,16.97,24.75,21.55
64,541.01,16.2,61.78,1.21,3.72,12.48,6.9,3.24,42.87,17.36,25.51,21.79
65,539.84,16.12,62.87,1.09,3.54,12.58,6.94,3.27,43.98,17.82,26.16,22.19
66,538.96,16.01,63.94,1.07,3.38,12.63,6.9,3.23,45.12,18.26,26.86,22.44
67,537.65,15.95,65.24,1.3,3.53,12.42,6.78,3.26,46.42,18.83,27.59,22.77
68,536.67,15.78,66.28,1.04,3.48,12.3,6.69,3.37,47.58,19.21,28.37,23.12
69,535.49,15.54,67.5,1.22,3.58,11.96,6.58,3.17,49.02,19.85,29.17,23.49
70,534.54,15.14,68.52,1.02,3.45,11.69,6.36,3.07,50.34,20.37,29.97,23.9
71,533.51,14.99,69.7,1.18,3.56,11.43,6.22,3.0,51.6,20.83,30.77,24.28
72,532.53,14.74,70.74,1.04,3.37,11.37,6.26,2.82,52.8,21.38,31.42,24.73
73,531.72,14.53,71.76,1.02,3.24,11.29,6.22,2.7,53.98,21.87,32.11,25.03
74,530.86,14.3,72.66,0.9,3.02,11.28,6.3,2.71,55.03,22.27,32.76,25.39
75,530.19,13.79,73.41,0.75,2.65,11.14,6.17,2.74,56.26,22.8,33.46,25.71
76,529.29,13.47,74.32,0.91,2.54,10.93,6.2,2.6,57.43,23.29,34.14,26.11
77,528.6,13.2,75.21,0.89,2.68,10.52,6.08,2.67,58.53,23.8,34.73,26.38
78,527.77,12.92,76.06,0.85,2.66,10.26,5.91,2.73,59.57,24.31,35.26,26.75
79,526.99,12.76,76.92,0.86,2.59,10.17,5.74,2.63,60.57,24.8,35.77,27.08
80,526.09,12.42,77.77,0.85,2.49,9.93,5.4,2.65,61.68,25.36,36.32,27.55
81,525.58,12.01,78.43,0.66,2.36,9.65,5.35,2.56,62.71,25.88,36.83,27.95
82,524.96,11.55,79.15,0.72,2.25,9.3,5.21,2.47,63.84,26.35,37.49,28.31
83,524.39,11.14,79.85,0.7,2.18,8.96,5.16,2.2,64.92,26.86,38.06,28.59
84,523.82,10.73,80.56,0.71,2.0,8.73,4.92,2.15,66.01,27.34,38.67,28.78
85,522.97,10.33,81.3,0.74,2.15,8.18,4.68,2.02,67.05,27.81,39.24,29.19
86,522.38,10.12,82.06,0.76,2.31,7.81,4.66,1.96,67.99,28.3,39.69,29.5
87,521.94,9.92,82.61,0.55,2.05,7.87,4.51,1.95,68.72,28.63,40.09,29.75
88,521.45,9.52,83.08,0.47,1.73,7.79,4.4,1.79,69.54,28.92,40.62,30.09
89,521.05,9.15,83.62,0.54,1.6,7.55,4.24,1.85,70.43,29.24,41.19,30.33
90,520.41,8.78,84.22,0.6,1.62,7.16,4.1,1.81,71.36,29.72,41.64,30.67
91,520.13,8.37,84.6,0.38,1.45,6.92,3.96,1.83,72.11,30.15,41.96,30.96
92,519.63,8.09,85.15,0.55,1.48,6.61,3.79,1.75,72.9,30.48,42.42,31.25
93,519.26,7.76,85.56,0.41,1.53,6.23,3.67,1.68,73.63,30.76,42.87,31.57
94,518.72,7.33,86.07,0.51,1.42,5.91,3.41,1.52,74.49,31.14,43.35,32.0
95,518.29,7.28,86.6,0.53,1.44,5.84,3.3,1.41,75.05,31.4,43.65,32.39
96,518.06,7.06,86.96,0.36,1.39,5.67,3.3,1.45,75.6,31.67,43.93,32.73
97,517.51,6.81,87.54,0.58,1.51,5.3,3.11,1.32,76.4,32.0,44.4,33.11
98,517.22,6.41,87.89,0.35,1.36,5.05,2.9,1.19,77.14,32.36,44.78,33.48
99,516.85,6.22,88.33,0.44,1.32,4.9,2.85,1.07,77.76,32.59,45.17,33.82
100,516.47,6.1,88.79,0.46,1.28,4.82,2.81,1.03,78.3,32.81,45.49,34.2
101,516.26,6.01,89.23,0.44,1.28,4.73,2.81,0.98,78.82,33.02,45.8,34.37
102,515.93,5.78,89.53,0.3,1.21,4.57,2.79,0.97,79.32,33.24,46.08,34.62
103,515.56,5.75,89.88,0.35,1.02,4.73,2.76,1.06,79.65,33.42,46.23,34.96
104,515.29,5.49,90.28,0.4,1.09,4.4,2.54,1.0,80.25,33.69,46.56,35.27
105,514.99,5.28,90.6,0.32,1.05,4.23,2.52,1.02,80.74,33.95,46.79,35.63
106,514.86,5.16,90.86,0.26,1.02,4.14,2.4,1.09,81.1,34.12,46.98,35.91
107,514.62,5.01,91.17,0.31,0.92,4.09,2.28,1.11,81.51,34.27,47.24,36.2
108,514.22,4.91,91.59,0.42,1.05,3.86,2.14,1.02,82.0,34.47,47.53,36.57
109,513.97,4.79,91.96,0.37,1.1,3.69,2.05,1.03,82.48,34.73,47.75,36.9
110,513.71,4.58,92.25,0.29,1.08,3.5,1.88,0.99,82.96,34.91,48.05,37.26
111,513.61,4.46,92.52,0.27,0.99,3.47,1.84,0.96,83.32,35.0,48.32,37.51
112,513.3,4.44,92.83,0.31,0.87,3.57,1.85,0.93,83.65,35.13,48.52,37.82
113,513.09,4.18,93.11,0.28,0.92,3.26,1.73,0.87,84.16,35.38,48.78,38.12
114,512.87,4.07,93.39,0.28,0.85,3.22,1.78,0.86,84.49,35.52,48.97,38.45
115,512.56,4.01,93.71,0.32,0.91,3.1,1.64,0.85,84.83,35.66,49.17,38.87
116,512.46,3.99,93.97,0.26,0.84,3.15,1.72,0.84,85.09,35.76,49.33,39.17
117,512.46,3.79,94.15,0.18,0.79,3.0,1.65,0.79,85.47,35.95,49.52,39.31
118,512.08,3.71,94.35,0.2,0.69,3.02,1.67,0.82,85.74,36.07,49.67,39.66
119,511.91,3.67,94.64,0.29,0.7,2.97,1.64,0.75,86.04,36.23,49.81,39.97
120,511.67,3.69,94.93,0.29,0.8,2.89,1.71,0.71,86.3,36.32,49.98,40.26
121,511.59,3.43,95.04,0.11,0.72,2.71,1.64,0.69,86.65,36.48,50.17,40.57
122,511.44,3.19,95.21,0.17,0.72,2.47,1.53,0.58,87.06,36.65,50.41,40.88
123,511.31,3.13,95.39,0.18,0.52,2.61,1.5,0.56,87.29,36.78,50.51,41.18
124,511.14,3.01,95.61,0.22,0.57,2.44,1.34,0.55,87.61,36.92,50.69,41.45
125,510.87,3.02,95.86,0.25,0.66,2.36,1.43,0.6,87.84,37.0,50.84,41.81
126,510.81,2.87,96.03,0.17,0.63,2.24,1.34,0.54,88.16,37.12,51.04,42.11
127,510.68,2.8,96.21,0.18,0.63,2.17,1.24,0.55,88.39,37.22,51.17,42.41
128,510.49,2.67,96.38,0.17,0.56,2.11,1.17,0.52,88.69,37.39,51.3,42.75
129,510.39,2.52,96.52,0.14,0.54,1.98,1.11,0.48,88.96,37.49,51.47,43.13
130,510.36,2.53,96.71,0.19,0.51,2.02,1.15,0.5,89.13,37.59,51.54,43.42
131,510.29,2.46,96.83,0.12,0.52,1.94,1.15,0.46,89.31,37.67,51.64,43.68
132,510.13,2.45,96.99,0.16,0.46,1.99,1.18,0.48,89.47,37.73,51.74,43.99
133,510.03,2.2,97.13,0.14,0.45,1.75,1.03,0.35,89.85,37.91,51.94,44.29
134,510.05,2.09,97.19,0.06,0.37,1.72,1.06,0.37,90.01,38.01,52.0,44.56
135,510.04,2.03,97.28,0.09,0.28,1.75,1.09,0.34,90.15,38.08,52.07,44.78
136,509.91,1.97,97.41,0.13,0.28,1.69,1.06,0.32,90.34,38.16,52.18,45.02
137,509.86,1.88,97.5,0.09,0.3,1.58,1.05,0.33,90.51,38.26,52.25,45.26
138,509.73,1.74,97.61,0.11,0.36,1.38,0.97,0.29,90.75,38.39,52.36,45.57
139,509.57,1.7,97.71,0.1,0.34,1.36,0.91,0.28,90.89,38.44,52.45,45.96
140,509.68,1.52,97.77,0.06,0.27,1.25,0.79,0.21,91.11,38.54,52.57,46.22
141,509.61,1.49,97.84,0.07,0.24,1.25,0.76,0.26,91.21,38.59,52.62,46.52
142,509.57,1.38,97.94,0.1,0.24,1.14,0.74,0.2,91.41,38.66,52.75,46.8
143,509.58,1.28,98.01,0.07,0.21,1.07,0.71,0.16,91.56,38.75,52.81,47.04
144,509.44,1.27,98.14,0.13,0.29,0.98,0.65,0.18,91.69,38.81,52.88,47.32
145,509.38,1.2,98.23,0.09,0.31,0.89,0.62,0.15,91.85,38.88,52.97,47.6
146,509.34,1.14,98.31,0.08,0.28,0.86,0.53,0.15,91.97,38.94,53.03,47.9
147,509.39,1.12,98.37,0.06,0.27,0.85,0.49,0.18,92.04,38.97,53.07,48.14
148,509.32,1.14,98.44,0.07,0.25,0.89,0.53,0.2,92.09,39.0,53.09,48.42
149,509.29,1.07,98.48,0.04,0.21,0.86,0.51,0.18,92.2,39.03,53.17,48.71
150,509.37,1.01,98.53,0.05,0.17,0.84,0.49,0.18,92.31,39.07,53.24,48.88
151,509.2,0.96,98.57,0.04,0.16,0.8,0.47,0.19,92.4,39.12,53.28,49.24
152,509.4,0.88,98.6,0.03,0.13,0.75,0.46,0.18,92.49,39.15,53.34,49.43
153,509.24,0.82,98.64,0.04,0.12,0.7,0.43,0.16,92.58,39.17,53.41,49.8
154,509.32,0.77,98.65,0.01,0.08,0.69,0.43,0.16,92.63,39.17,53.46,50.14
155,509.41,0.73,98.67,0.02,0.05,0.68,0.45,0.13,92.69,39.19,53.5,50.38
156,509.46,0.65,98.69,0.02,0.05,0.6,0.41,0.12,92.79,39.24,53.55,50.64
157,509.34,0.64,98.75,0.06,0.09,0.55,0.42,0.09,92.86,39.29,53.57,50.99
158,509.37,0.57,98.77,0.02,0.1,0.47,0.35,0.09,92.94,39.34,53.6,51.36
159,509.47,0.54,98.81,0.04,0.11,0.43,0.3,0.09,93.01,39.39,53.62,51.64
160,509.54,0.5,98.87,0.06,0.13,0.37,0.23,0.07,93.1,39.42,53.68,51.83
161,509.38,0.49,98.92,0.05,0.16,0.33,0.18,0.09,93.15,39.46,53.69,52.18
162,509.56,0.45,98.94,0.02,0.15,0.3,0.14,0.11,93.21,39.49,53.72,52.38
163,509.41,0.42,98.94,0.0,0.07,0.35,0.13,0.11,93.24,39.5,53.74,52.79
164,509.5,0.37,98.95,0.01,0.04,0.33,0.11,0.1,93.29,39.52,53.77,53.12
165,509.59,0.33,98.95,0.0,0.01,0.32,0.13,0.12,93.33,39.54,53.79,53.38
166,509.56,0.35,98.99,0.04,0.05,0.3,0.14,0.13,93.35,39.56,53.79,53.66
167,509.53,0.38,99.04,0.05,0.09,0.29,0.16,0.12,93.37,39.57,53.8,53.95
168,509.51,0.37,99.04,0.0,0.08,0.29,0.15,0.12,93.38,39.58,53.8,54.33
169,509.61,0.35,99.05,0.01,0.06,0.29,0.15,0.1,93.41,39.59,53.82,54.66
170,509.78,0.31,99.05,0.0,0.02,0.29,0.16,0.06,93.45,39.59,53.86,54.85
171,509.64,0.31,99.07,0.02,0.03,0.28,0.18,0.05,93.47,39.6,53.87,55.18
172,509.68,0.28,99.07,0.0,0.03,0.25,0.17,0.07,93.5,39.62,53.88,55.48
173,509.65,0.21,99.08,0.01,0.03,0.18,0.13,0.04,93.58,39.67,53.91,55.81
174,509.69,0.18,99.1,0.02,0.04,0.14,0.11,0.02,93.62,39.69,53.93,56.1
175,509.68,0.15,99.11,0.01,0.04,0.11,0.07,0.02,93.65,39.7,53.95,56.44
176,509.76,0.17,99.13,0.02,0.04,0.13,0.07,0.03,93.65,39.7,53.95,56.7
177,509.81,0.17,99.14,0.01,0.05,0.12,0.06,0.04,93.66,39.71,53.95,56.95
178,509.71,0.16,99.14,0.0,0.02,0.14,0.06,0.05,93.67,39.72,53.95,57.36
179,509.83,0.15,99.15,0.01,0.03,0.12,0.04,0.05,93.69,39.73,53.96,57.68
