Day,Susceptible,Infected,Cumulative Infected,Daily Infected,Incubating,Transmitting,Symptomatic,Asymptomatic,Recovered,Residents Recovered,Staff Recovered,Dead
0,596.11,3.65,3.34,3.34,3.65,0.0,0.0,0.0,0.0,0.0,0.0,0.24
1,595.99,3.65,3.34,0.0,3.65,0.0,0.0,0.0,0.0,0.0,0.0,0.6
2,595.96,3.65,3.34,0.0,2.58,1.07,0.0,0.0,0.0,0.0,0.0,0.99
3,595.81,3.89,3.58,0.24,1.26,2.63,0.0,0.0,0.0,0.0,0.0,1.29
4,595.28,4.4,4.09,0.51,0.75,3.65,0.59,0.48,0.0,0.0,0.0,1.61
5,594.6,5.17,4.86,0.77,1.45,3.72,1.53,1.1,0.0,0.0,0.0,1.84
6,593.82,5.94,5.63,0.77,1.99,3.95,2.08,1.57,0.0,0.0,0.0,2.08
7,593.03,6.72,6.41,0.78,2.25,4.47,2.14,1.58,0.0,0.0,0.0,2.33
8,592.24,7.52,7.22,0.81,2.35,5.17,2.27,1.68,0.0,0.0,0.0,2.57
9,591.29,8.4,8.1,0.88,2.58,5.82,2.66,1.81,0.0,0.0,0.0,2.88
10,590.19,9.57,9.27,1.17,2.87,6.7,3.14,2.03,0.0,0.0,0.0,3.12
11,589.02,10.68,10.39,1.12,3.22,7.46,3.51,2.31,0.0,0.0,0.0,3.42
12,587.82,10.76,11.56,1.17,3.46,7.3,3.45,2.15,1.07,0.0,1.07,3.77
13,586.7,10.3,12.71,1.15,3.53,6.77,3.05,1.71,2.63,0.0,2.63,4.14
14,585.72,10.3,13.74,1.03,3.37,6.93,3.23,1.43,3.65,0.0,3.65,4.47
15,584.91,11.03,14.57,0.83,3.09,7.94,4.03,1.61,3.72,0.06,3.66,4.81
16,583.94,11.87,15.67,1.1,3.14,8.73,4.75,1.82,3.95,0.19,3.76,5.05
17,582.71,12.5,16.86,1.19,3.26,9.24,5.15,1.97,4.44,0.54,3.9,5.4
18,581.59,13.05,18.11,1.25,3.52,9.53,5.43,2.04,5.11,0.96,4.15,5.66
19,580.02,13.85,19.54,1.43,3.81,10.04,5.85,2.06,5.71,1.28,4.43,6.09
20,578.57,14.55,21.15,1.61,4.19,10.36,5.89,2.1,6.57,1.74,4.83,6.41
21,576.77,15.49,22.92,1.77,4.78,10.71,6.0,2.3,7.32,2.24,5.08,6.84
22,575.44,16.07,24.44,1.52,4.82,11.25,6.02,2.57,8.22,2.73,5.49,7.12
23,573.66,16.77,26.2,1.76,5.05,11.72,5.99,2.72,9.24,3.24,6.0,7.46
24,572.18,17.21,27.75,1.55,4.93,12.28,6.24,2.85,10.32,3.83,6.49,7.77
25,570.35,18.04,29.71,1.96,5.06,12.98,6.47,3.02,11.4,4.3,7.1,8.0
26,568.54,18.72,31.42,1.71,5.39,13.33,6.77,3.35,12.39,4.71,7.68,8.38
27,566.57,19.7,33.5,2.08,5.7,14.0,7.18,3.67,13.42,5.06,8.36,8.72
28,564.6,20.64,35.47,1.97,5.87,14.77,7.45,3.75,14.4,5.42,8.98,9.11
29,562.48,21.58,37.62,2.15,6.06,15.52,7.79,3.97,15.51,5.73,9.78,9.58
30,560.38,22.6,39.91,2.29,6.32,16.28,8.27,4.02,16.68,6.16,10.52,9.96
31,558.35,23.52,42.05,2.14,6.44,17.08,8.64,4.39,17.83,6.54,11.29,10.3
32,556.25,24.32,44.29,2.24,6.72,17.6,9.2,4.44,19.2,7.08,12.12,10.58
33,553.84,25.23,46.68,2.39,6.75,18.48,9.47,4.72,20.62,7.6,13.02,10.94
34,551.58,25.86,49.02,2.34,7.09,18.77,9.83,4.58,22.22,8.24,13.98,11.33
35,549.02,26.69,51.69,2.67,7.5,19.19,10.19,4.75,23.98,8.86,15.12,11.71
36,546.8,27.56,53.97,2.28,7.33,20.23,10.68,4.85,25.28,9.37,15.91,12.16
37,544.69,28.05,56.34,2.37,7.28,20.77,10.92,4.99,26.99,10.09,16.9,12.53
38,542.05,28.91,59.06,2.72,7.49,21.42,11.19,5.31,28.65,10.79,17.86,13.03
39,539.83,29.3,61.47,2.41,7.42,21.88,11.59,5.31,30.49,11.51,18.98,13.55
40,537.67,29.72,63.91,2.44,7.38,22.34,11.85,5.54,32.42,12.33,20.09,13.88
41,535.28,30.23,66.45,2.54,7.39,22.84,12.2,5.64,34.36,13.11,21.25,14.15
42,532.83,30.72,68.87,2.42,7.69,23.03,12.5,5.88,36.2,13.8,22.4,14.56
43,530.38,30.98,71.52,2.65,7.77,23.21,12.71,5.81,38.46,14.66,23.8,14.91
44,528.05,31.46,73.95,2.43,7.62,23.84,12.62,6.07,40.29,15.43,24.86,15.31
45,525.57,31.77,76.49,2.54,7.71,24.06,13.0,6.03,42.43,16.3,26.13,15.74
46,523.51,31.58,78.73,2.24,7.24,24.34,13.1,6.09,44.72,17.12,27.6,16.14
47,521.29,31.58,81.16,2.43,7.2,24.38,13.04,6.17,47.03,18.15,28.88,16.48
48,518.71,31.58,83.7,2.54,7.38,24.2,13.14,6.23,49.46,19.12,30.34,16.98
49,516.55,31.53,86.12,2.42,7.41,24.12,13.25,6.13,51.82,20.14,31.68,17.34
50,514.1,31.67,88.66,2.54,7.36,24.31,13.17,6.17,54.12,21.17,32.95,17.72
51,511.91,31.5,91.02,2.36,7.33,24.17,13.02,6.18,56.5,22.25,34.25,18.1
52,509.53,31.89,93.59,2.57,7.4,24.49,13.52,6.1,58.54,22.98,35.56,18.45
53,507.19,31.71,95.99,2.4,7.5,24.21,13.27,6.15,60.99,24.1,36.89,18.88
54,504.68,31.77,98.65,2.66,7.58,24.19,13.36,5.97,63.43,25.23,38.2,19.35
55,502.22,31.83,101.3,2.65,7.76,24.07,13.07,5.96,65.8,26.2,39.6,19.87
56,500.18,31.44,103.55,2.25,7.46,23.98,12.99,5.97,68.33,27.35,40.98,20.31
57,498.13,31.31,105.83,2.28,6.95,24.36,13.05,5.98,70.64,28.27,42.37,20.67
58,495.8,31.44,108.26,2.43,7.0,24.44,13.25,6.04,72.81,29.23,43.58,21.08
59,493.6,31.43,110.64,2.38,7.13,24.3,13.39,6.3,75.07,30.19,44.88,21.46
60,491.45,31.12,112.9,2.26,6.77,24.35,13.24,6.26,77.53,31.21,46.32,21.86
61,489.12,31.19,115.34,2.44,6.88,24.31,13.24,6.13,79.84,32.17,47.67,22.22
62,486.8,31.15,117.79,2.45,7.12,24.03,13.25,6.24,82.21,33.13,49.08,22.64
63,484.7,31.0,120.08,2.29,7.12,23.88,13.36,6.03,84.42,34.04,50.38,23.11
64,482.84,30.57,122.25,2.17,7.04,23.53,13.05,5.95,86.88,35.14,51.74,23.42
65,480.64,30.26,124.48,2.23,6.52,23.74,12.84,5.92,89.23,36.05,53.18,23.93
66,478.7,29.94,126.76,2.28,6.69,23.25,12.58,5.84,91.66,37.18,54.48,24.29
67,476.75,29.22,128.8,2.04,6.61,22.61,12.75,5.63,94.35,38.28,56.07,24.71
68,474.6,29.18,131.13,2.33,6.73,22.45,12.48,5.64,96.56,39.31,57.25,25.12
69,472.53,29.1,133.31,2.18,6.66,22.44,12.31,5.67,98.68,40.11,58.57,25.6
70,470.71,28.6,135.36,2.05,6.45,22.15,12.17,5.47,101.1,41.17,59.93,26.04
71,468.85,28.45,137.45,2.09,6.56,21.89,12.0,5.66,103.22,42.07,61.15,26.41
72,466.82,28.46,139.58,2.13,6.22,22.24,12.17,5.64,105.28,43.01,62.27,26.76
73,464.91,28.21,141.6,2.02,6.05,22.16,11.99,5.51,107.44,43.88,63.56,27.16
74,463.15,27.8,143.5,1.9,6.03,21.77,12.0,5.68,109.62,44.75,64.87,27.59
75,461.18,27.35,145.63,2.13,6.13,21.22,11.69,5.61,112.16,45.93,66.23,27.97
76,459.41,27.13,147.55,1.92,5.85,21.28,11.55,5.51,114.19,46.67,67.52,28.33
77,457.53,26.94,149.57,2.02,5.92,21.02,11.47,5.41,116.27,47.62,68.65,28.72
78,455.76,26.66,151.47,1.9,5.84,20.82,11.47,5.43,118.38,48.4,69.98,29.09
79,454.05,26.23,153.36,1.89,5.7,20.53,11.32,5.2,120.55,49.39,71.16,29.48
80,452.27,25.88,155.32,1.96,5.79,20.09,10.95,5.25,122.74,50.43,72.31,29.82
81,450.57,25.72,157.12,1.8,5.57,20.15,10.84,5.43,124.59,51.18,73.41,30.19
82,448.93,24.95,158.85,1.73,5.44,19.51,10.5,5.13,126.96,52.27,74.69,30.64
83,447.55,24.25,160.41,1.56,5.16,19.09,10.33,5.07,129.04,53.11,75.93,31.13
84,446.1,24.03,162.11,1.7,5.12,18.91,10.5,4.85,130.82,54.01,76.81,31.57
85,444.8,23.48,163.59,1.48,4.73,18.75,10.33,4.83,132.74,54.8,77.94,32.03
86,443.37,22.99,165.28,1.69,4.89,18.1,9.95,4.75,134.8,55.77,79.03,32.39
87,441.89,22.65,166.82,1.54,4.92,17.73,9.9,4.79,136.59,56.57,80.02,32.8
88,440.68,22.1,168.24,1.42,4.6,17.5,9.56,4.69,138.45,57.32,81.13,33.14
89,439.18,21.67,169.81,1.57,4.77,16.9,9.34,4.42,140.37,58.11,82.26,33.52
90,437.82,21.37,171.31,1.5,4.54,16.83,9.39,4.31,142.09,58.98,83.11,33.9
91,436.56,20.72,172.7,1.39,4.4,16.32,8.86,4.2,144.02,59.8,84.22,34.36
92,435.39,20.2,174.07,1.37,4.48,15.72,8.66,4.25,145.79,60.72,85.07,34.77
93,434.19,19.79,175.51,1.44,4.24,15.55,8.41,4.17,147.53,61.5,86.03,35.15
94,433.32,19.15,176.57,1.06,3.77,15.38,8.24,3.93,149.17,62.14,87.03,35.48
95,432.31,18.45,177.65,1.08,3.54,14.91,8.24,3.83,150.91,62.82,88.09,35.81
96,431.29,18.06,178.78,1.13,3.53,14.53,8.4,3.68,152.37,63.46,88.91,36.12
97,430.13,17.76,180.01,1.23,3.61,14.15,8.28,3.58,153.83,64.15,89.68,36.47
98,428.89,17.23,181.25,1.24,3.74,13.49,7.82,3.42,155.5,64.78,90.72,36.99
99,428.18,16.87,182.27,1.02,3.46,13.41,7.82,3.19,156.82,65.41,91.41,37.34
100,426.95,16.4,183.49,1.22,3.58,12.82,7.36,3.06,158.44,66.17,92.27,37.83
101,426.19,15.81,184.44,0.95,3.29,12.52,7.08,3.1,159.89,66.86,93.03,38.28
102,425.43,15.52,185.42,0.98,3.04,12.48,6.93,3.08,161.09,67.33,93.76,38.67
103,424.56,14.89,186.47,1.05,3.15,11.74,6.56,3.01,162.68,68.05,94.63,39.01
104,423.72,14.3,187.42,0.95,3.12,11.18,6.31,2.95,164.16,68.74,95.42,39.33
105,422.96,13.85,188.19,0.77,2.77,11.08,6.06,2.92,165.37,69.32,96.05,39.71
106,422.26,13.6,189.07,0.88,2.61,10.99,6.0,2.83,166.46,69.79,96.67,40.0
107,421.64,13.16,189.79,0.72,2.46,10.7,5.93,2.87,167.56,70.31,97.25,40.29
108,420.85,12.94,190.64,0.85,2.49,10.45,5.86,2.9,168.59,70.76,97.83,40.61
109,420.06,12.46,191.47,0.83,2.57,9.89,5.73,2.59,169.86,71.33,98.53,41.0
110,419.46,11.99,192.18,0.71,2.44,9.55,5.43,2.53,170.95,71.8,99.15,41.46
111,419.06,11.34,192.77,0.59,2.17,9.17,5.11,2.38,172.12,72.25,99.87,41.88
112,418.59,10.77,193.41,0.64,1.99,8.78,4.85,2.27,173.28,72.81,100.47,42.24
113,418.0,10.63,194.19,0.78,2.04,8.59,4.88,2.16,174.15,73.16,100.99,42.51
114,417.33,10.44,194.98,0.79,2.2,8.24,4.73,2.15,175.07,73.6,101.47,42.75
115,416.74,9.96,195.62,0.64,2.13,7.83,4.45,2.04,176.16,74.15,102.01,43.03
116,416.11,9.53,196.19,0.57,2.09,7.44,4.22,1.9,177.14,74.54,102.6,43.48
117,415.8,9.24,196.78,0.59,1.95,7.29,4.03,1.92,177.96,74.99,102.97,43.75
118,415.32,8.97,197.32,0.54,1.87,7.1,3.96,1.79,178.74,75.37,103.37,44.04
119,414.95,8.68,197.83,0.51,1.68,7.0,3.95,1.73,179.45,75.66,103.79,44.35
120,414.49,8.43,198.37,0.54,1.64,6.79,3.87,1.64,180.22,76.06,104.16,44.65
121,414.15,8.03,198.79,0.42,1.51,6.52,3.77,1.62,181.01,76.43,104.58,44.99
122,413.86,7.64,199.24,0.45,1.49,6.15,3.55,1.58,181.8,76.72,105.08,45.31
123,413.42,7.43,199.76,0.52,1.48,5.95,3.44,1.52,182.48,76.97,105.51,45.65
124,413.14,7.23,200.2,0.44,1.44,5.79,3.37,1.42,183.07,77.21,105.86,45.93
125,412.67,7.05,200.7,0.5,1.39,5.66,3.31,1.32,183.73,77.47,106.26,46.28
126,412.24,6.98,201.19,0.49,1.42,5.56,3.21,1.34,184.27,77.74,106.53,46.68
127,412.02,6.57,201.54,0.35,1.26,5.31,2.97,1.37,184.98,78.1,106.88,47.06
128,411.91,6.3,201.85,0.31,1.21,5.09,2.96,1.26,185.55,78.33,107.22,47.33
129,411.72,5.9,202.12,0.27,0.93,4.97,2.86,1.2,186.2,78.71,107.49,47.56
130,411.39,5.67,202.48,0.36,0.99,4.68,2.74,1.09,186.77,78.96,107.81,47.87
131,411.21,5.39,202.77,0.29,0.95,4.44,2.71,1.1,187.3,79.21,108.09,48.19
132,411.03,5.23,203.1,0.33,0.99,4.24,2.51,1.11,187.75,79.37,108.38,48.44
133,410.83,4.99,203.37,0.27,0.93,4.06,2.38,1.06,188.22,79.59,108.63,48.77
134,410.61,4.81,203.67,0.3,0.87,3.94,2.26,0.99,188.69,79.85,108.84,49.16
135,410.58,4.49,203.91,0.24,0.83,3.66,2.16,0.86,189.22,80.14,109.08,49.43
136,410.28,4.37,204.24,0.33,0.91,3.46,2.06,0.87,189.64,80.37,109.27,49.76
137,410.17,4.14,204.5,0.26,0.86,3.28,1.91,0.81,190.13,80.62,109.51,50.06
138,409.96,4.09,204.79,0.29,0.79,3.3,1.81,0.82,190.45,80.75,109.7,50.39
139,409.81,3.81,205.08,0.29,0.86,2.95,1.64,0.73,190.98,81.02,109.96,50.75
140,409.82,3.64,205.2,0.12,0.72,2.92,1.69,0.75,191.27,81.15,110.12,51.04
141,409.64,3.51,205.4,0.2,0.58,2.93,1.59,0.74,191.58,81.26,110.32,51.37
142,409.52,3.49,205.66,0.26,0.62,2.87,1.55,0.76,191.86,81.42,110.44,51.64
143,409.2,3.51,205.97,0.31,0.75,2.76,1.6,0.76,192.15,81.53,110.62,51.99
144,409.12,3.36,206.19,0.22,0.73,2.63,1.48,0.73,192.5,81.63,110.87,52.29
145,409.0,3.31,206.43,0.24,0.75,2.56,1.38,0.72,192.78,81.77,111.01,52.54
146,408.85,3.23,206.6,0.17,0.66,2.57,1.42,0.67,193.02,81.87,111.15,52.82
147,408.74,3.1,206.79,0.19,0.59,2.51,1.38,0.61,193.33,82.0,111.33,53.1
148,408.67,2.93,206.99,0.2,0.57,2.36,1.28,0.6,193.68,82.2,111.48,53.33
149,408.44,2.91,207.19,0.2,0.6,2.31,1.29,0.63,193.89,82.24,111.65,53.67
150,408.45,2.8,207.35,0.16,0.55,2.25,1.27,0.6,194.14,82.37,111.77,53.93
151,408.4,2.6,207.49,0.14,0.55,2.05,1.14,0.56,194.46,82.49,111.97,54.28
152,408.48,2.53,207.63,0.14,0.43,2.1,1.19,0.51,194.65,82.56,112.09,54.51
153,408.31,2.51,207.79,0.16,0.42,2.09,1.18,0.48,194.83,82.63,112.2,54.81
154,408.26,2.43,207.98,0.19,0.47,1.96,1.13,0.52,195.07,82.76,112.31,55.07
155,408.1,2.36,208.11,0.13,0.43,1.93,1.09,0.53,195.27,82.85,112.42,55.46
156,408.23,2.22,208.22,0.11,0.37,1.85,1.08,0.43,195.51,82.97,112.54,55.72
157,408.09,2.08,208.34,0.12,0.38,1.7,1.04,0.38,195.75,83.09,112.66,56.1
158,408.09,2.05,208.53,0.19,0.43,1.62,1.01,0.36,195.96,83.2,112.76,56.33
159,408.0,1.97,208.63,0.1,0.41,1.56,0.97,0.33,196.12,83.26,112.86,56.59
160,407.88,1.94,208.79,0.16,0.43,1.51,0.92,0.33,196.29,83.38,112.91,56.91
161,407.81,1.91,208.91,0.12,0.44,1.47,0.92,0.3,196.42,83.45,112.97,57.32
162,407.93,1.7,208.97,0.06,0.33,1.37,0.81,0.28,196.67,83.61,113.06,57.66
163,407.89,1.69,209.1,0.13,0.28,1.41,0.8,0.27,196.8,83.66,113.14,57.98
164,407.83,1.66,209.22,0.12,0.3,1.36,0.8,0.29,196.94,83.74,113.2,58.32
165,407.82,1.64,209.36,0.14,0.39,1.25,0.75,0.35,197.1,83.78,113.32,58.58
166,407.61,1.61,209.5,0.14,0.37,1.24,0.69,0.34,197.26,83.85,113.41,59.0
167,407.69,1.6,209.59,0.09,0.36,1.24,0.66,0.32,197.36,83.91,113.45,59.33
168,407.73,1.54,209.67,0.08,0.33,1.21,0.66,0.34,197.49,83.97,113.52,59.62
169,407.81,1.48,209.73,0.06,0.23,1.25,0.63,0.35,197.61,84.0,113.61,59.86
170,407.76,1.48,209.88,0.15,0.27,1.21,0.62,0.32,197.75,84.07,113.68,60.06
171,407.63,1.41,209.92,0.04,0.23,1.18,0.68,0.31,197.86,84.1,113.76,60.42
172,407.61,1.32,209.99,0.07,0.22,1.1,0.61,0.33,198.02,84.16,113.86,60.77
173,407.72,1.23,210.06,0.07,0.24,0.99,0.59,0.27,198.18,84.23,113.95,60.98
174,407.56,1.2,210.15,0.09,0.26,0.94,0.56,0.26,198.28,84.25,114.03,61.37
175,407.74,1.17,210.18,0.03,0.22,0.95,0.54,0.27,198.33,84.28,114.05,61.69
176,407.77,1.09,210.25,0.07,0.19,0.9,0.51,0.22,198.48,84.36,114.12,61.98
177,407.73,1.07,210.32,0.07,0.21,0.86,0.51,0.2,198.57,84.43,114.14,62.31
178,407.86,0.99,210.35,0.03,0.2,0.79,0.49,0.21,198.68,84.49,114.19,62.54
179,407.88,0.87,210.38,0.03,0.11,0.76,0.41,0.19,198.82,84.57,114.25,62.81
